t(s),Adsorbed H on surface 1 (H m-2),solute flux surface 1 (H m-2 s-1),Total T surface 1 (K),0 value at [0] (H m-3)
1e-10,7.381597465606283e-07,-961.5783098152334,300.16294389637324,28295.233779528815
2.0500000000000002e-10,7.381597465606283e-07,-963.8301676249354,300.2537475777701,28295.233779528815
3.1525e-10,7.381597465606283e-07,-965.7187672327649,300.3297769341977,28295.233779528815
4.3101250000000007e-10,7.381597465606283e-07,-967.4811171732277,300.4006203267767,28295.233779528815
5.525631250000001e-10,7.381597465606283e-07,-969.2105744590649,300.4700452483839,28295.233779528815
6.801912812500001e-10,7.381597465606283e-07,-970.9591743570302,300.5401425705208,28295.233779528815
8.142008453125001e-10,7.381597465606283e-07,-972.7630730682031,300.6123563595588,28295.233779528815
9.549108875781252e-10,7.381597465606283e-07,-974.6517201248184,300.6878544591668,28295.233779528815
1.1026564319570316e-09,7.381597465606283e-07,-976.6520377012296,300.76769657480355,28295.233779528815
1.2577892535548832e-09,7.381597465606283e-07,-978.7907228640137,300.85292599217877,28295.233779528815
1.4206787162326274e-09,7.381597465606283e-07,-981.0957654485624,300.94462907841915,28295.233779528815
1.591712652044259e-09,7.381597465606283e-07,-983.5976378524091,301.0439809004764,28295.233779528815
1.7712982846464719e-09,7.381597465606283e-07,-986.3303795137313,301.15228578502604,28295.233779528815
1.9598631988787956e-09,7.381597465606283e-07,-989.3327049780704,301.27101777024416,28295.233779528815
2.1578563588227356e-09,7.381597465606283e-07,-992.6492264470075,301.40186425978266,28295.233779528815
2.3578563588227357e-09,7.381597465606283e-07,-996.1852627078218,301.54101413126443,28295.233779528815
2.557856358822736e-09,7.381597465606283e-07,-999.9252623804825,301.6877920840214,28295.233779528815
2.757856358822736e-09,7.381597465606283e-07,-1003.8871880402413,301.84283623786314,28295.233779528815
2.957856358822736e-09,7.381597465606283e-07,-1008.0893263164714,302.0067859925738,28295.233779528815
3.1578563588227363e-09,7.381597465606283e-07,-1012.5505172365979,302.18028982247284,28295.233779528815
3.3578563588227364e-09,7.381597465606283e-07,-1017.2903339510498,302.3640108948478,28295.233779528815
3.5578563588227366e-09,7.381597465606283e-07,-1022.3292363947735,302.5586314393611,28295.233779528815
3.757856358822737e-09,7.381597465606283e-07,-1027.6887104251994,302.76485631244316,28295.233779528815
3.957856358822737e-09,7.381597465606283e-07,-1033.3913994615953,302.98341601668386,28295.233779528815
4.157856358822737e-09,7.381597465606283e-07,-1039.4612333825492,303.21506934112887,28295.233779528815
4.357856358822737e-09,7.381597465606283e-07,-1045.92355814831,303.4606057334154,28295.233779528815
4.557856358822737e-09,7.381597465606283e-07,-1052.805268839565,303.72084748021024,28295.233779528815
4.757856358822737e-09,7.381597465606283e-07,-1060.1349483306362,303.9966517498164,28295.233779528815
4.9578563588227375e-09,7.381597465606283e-07,-1067.9430135305886,304.288912535524,28295.233779528815
5.157856358822738e-09,7.381597465606283e-07,-1076.2618709662815,304.59856252766946,28295.233779528815
5.357856358822738e-09,7.381597465606283e-07,-1085.1260834088991,304.9265749348536,28295.233779528815
5.557856358822738e-09,7.381597465606283e-07,-1094.5725492357687,305.27396526933774,28295.233779528815
5.757856358822738e-09,7.381597465606283e-07,-1104.6406962580081,305.6417931076535,28295.233779528815
5.957856358822738e-09,7.381597465606283e-07,-1115.3726918217467,306.03116383448213,28295.233779528815
6.157856358822738e-09,7.381597465606283e-07,-1126.8136711011894,306.4432303756048,28295.233779528815
6.3578563588227385e-09,7.381597465606283e-07,-1139.0119856413035,306.8791949239779,28295.233779528815
6.557856358822739e-09,7.381597465606283e-07,-1152.019474375553,307.34031066162976,28295.233779528815
6.757856358822739e-09,7.381597465606283e-07,-1165.8917595382638,307.82788347898503,28295.233779528815
6.957856358822739e-09,7.381597465606283e-07,-1180.6885701125811,308.3432736923429,28295.233779528815
7.157856358822739e-09,7.381597465606283e-07,-1196.4740957042302,308.88789775951597,28295.233779528815
7.357856358822739e-09,7.381597465606283e-07,-1213.3173740093512,309.46322999302333,28295.233779528815
7.557856358822738e-09,7.381597465606283e-07,-1231.29271535369,310.0708042697224,28295.233779528815
7.757856358822739e-09,7.381597465606283e-07,-1250.4801681216845,310.71221573530687,28295.233779528815
7.957856358822739e-09,7.381597465606283e-07,-1270.9660292704941,311.38912250171694,28295.233779528815
8.157856358822739e-09,7.381597465606283e-07,-1292.8434045371084,312.1032473351429,28295.233779528815
8.357856358822739e-09,7.381597465606283e-07,-1316.2128234000877,312.8563793319978,28295.233779528815
8.557856358822739e-09,7.381597465606283e-07,-1341.182914352684,313.65037557993423,28295.233779528815
8.75785635882274e-09,7.381597465606283e-07,-1367.871146584682,314.4871628007165,28295.233779528815
8.95785635882274e-09,7.381597465606283e-07,-1396.4046447584085,315.36873897150696,28295.233779528815
9.15785635882274e-09,7.381597465606283e-07,-1426.921084202579,316.2971749208884,28295.233779528815
9.35785635882274e-09,7.381597465606283e-07,-1459.5696745386483,317.2746158957256,28295.233779528815
9.55785635882274e-09,7.381597465606283e-07,-1494.512240499366,318.3032830947532,28295.233779528815
9.75785635882274e-09,7.381597465606283e-07,-1531.9244095007164,319.38547516457976,28295.233779528815
9.95785635882274e-09,7.381597465606283e-07,-1571.9969163864341,320.5235696536079,28295.233779528815
1.015785635882274e-08,7.381597465606283e-07,-1614.937036679281,321.7200244191931,28295.233779528815
1.035785635882274e-08,7.381597465606283e-07,-1660.970160643321,322.9773789831798,28295.233779528815
1.055785635882274e-08,7.381597465606283e-07,-1710.3415214854795,324.2982558308084,28295.233779528815
1.075785635882274e-08,7.381597465606283e-07,-1763.3180920963662,325.68536164782114,28295.233779528815
1.095785635882274e-08,7.381597465606283e-07,-1820.1906658449593,327.1414884904567,28295.233779528815
1.1157856358822741e-08,7.381597465606283e-07,-1881.2761380891784,328.6695148828889,28295.233779528815
1.1357856358822741e-08,7.381597465606283e-07,-1946.9200062328764,330.27240683653775,28295.233779528815
1.1557856358822741e-08,7.381597465606283e-07,-2017.4991073341448,331.95321878558235,28295.233779528815
1.1757856358822741e-08,7.381597465606283e-07,-2093.4246134280484,333.7150944328748,28295.233779528815
1.1957856358822741e-08,7.381597465606283e-07,-2175.145305848205,335.5612675004022,28295.233779528815
1.2157856358822742e-08,7.381597465606283e-07,-2263.1511508805315,337.4950623783308,28295.233779528815
1.2357856358822742e-08,7.381597465606283e-07,-2357.9772000269604,339.51989466661445,28295.233779528815
1.2557856358822742e-08,7.381597465606283e-07,-2460.2078389522017,341.6392716031101,28295.233779528815
1.2757856358822742e-08,7.381597465606283e-07,-2570.481409779498,343.8567923720717,28295.233779528815
1.2957856358822742e-08,7.381597465606283e-07,-2689.495231737694,346.17614828689943,28295.233779528815
1.3157856358822742e-08,7.381597465606283e-07,-2818.0110451691226,348.6011228409835,28295.233779528815
1.3357856358822742e-08,7.381597465606283e-07,-2956.8609035144373,351.13559162051035,28295.233779528815
1.3557856358822743e-08,7.381597465606283e-07,-3106.953537006022,353.7835220730847,28295.233779528815
1.3757856358822743e-08,7.381597465606283e-07,-3269.2812103384067,356.5489731260849,28295.233779528815
1.3957856358822743e-08,7.381597465606283e-07,-3444.9270944342056,359.43609464869274,28295.233779528815
1.4157856358822743e-08,7.381597465606283e-07,-3635.0731694831197,362.449126751612,28295.233779528815
1.4357856358822743e-08,7.381597465606283e-07,-3841.0086725834785,365.59239891856254,28295.233779528815
1.4557856358822743e-08,7.381597465606283e-07,-4064.139098444511,368.87032896373813,28295.233779528815
1.4757856358822743e-08,7.381597465606283e-07,-4305.995755595097,372.28742180951326,28295.233779528815
1.4957856358822742e-08,7.381597465606283e-07,-4568.245873279016,375.84826807880097,28295.233779528815
1.515785635882274e-08,7.381597465606283e-07,-4852.703245596524,379.55754249663363,28295.233779528815
1.535785635882274e-08,7.381597465606283e-07,-5161.339389378379,383.42000209563287,28295.233779528815
1.5557856358822737e-08,7.381597465606283e-07,-5496.2951806961555,387.4404842202543,28295.233779528815
1.5757856358822736e-08,7.381597465606283e-07,-5859.892921766304,391.62390432483375,28295.233779528815
1.5957856358822734e-08,7.381597465606283e-07,-6254.648775297961,395.9752535606487,28295.233779528815
1.6157856358822733e-08,7.381597465606283e-07,-6683.035979631773,400.4970103181571,28295.233779528815
1.635785635882273e-08,7.381597465606283e-07,-7148.200192932513,405.196665903155,28295.233779528815
1.655785635882273e-08,7.381597465606283e-07,-7653.331925179063,410.07961367891085,28295.233779528815
1.6757856358822728e-08,7.381597465606283e-07,-8201.846191095503,415.1510961794761,28295.233779528815
1.6957856358822727e-08,7.381597465606283e-07,-8797.41492863975,420.4164110639864,28295.233779528815
1.7157856358822725e-08,7.381597465606283e-07,-9443.980202025625,425.8809162622119,28295.233779528815
1.7357856358822724e-08,7.381597465606283e-07,-10145.765907847204,431.55002554450067,28295.233779528815
1.7557856358822722e-08,7.381597465606283e-07,-10907.288593079744,437.4292032866122,28295.233779528815
1.775785635882272e-08,7.381597465606283e-07,-11733.367231538756,443.5239592236743,28295.233779528815
1.795785635882272e-08,7.381597465606283e-07,-12629.131709214704,449.8398431940231,28295.233779528815
1.8157856358822718e-08,7.381597465606283e-07,-13600.029744684365,456.3824398010532,28295.233779528815
1.8357856358822716e-08,17151.618675876012,-33040219800230.027,463.1573629357197,21631157895313.613
1.8557856358822715e-08,60549.84927612479,-98634125150395.98,470.1702501211052,50790935918015.36
1.8757856358822713e-08,150003.10107819998,-221700863304291.53,477.4267566537626,97123899410421.5
1.895785635882271e-08,323127.17328919313,-451879777298024.0,484.9325495251073,174345139498915.62
1.915785635882271e-08,649694.3047428045,-883070006337972.1,492.69330111157996,304989018503790.44
1.935785635882271e-08,1258421.1174736018,-1691323534075517.0,500.7146826258112,527182022824367.5
1.9557856358822707e-08,2386218.9381140694,-3205718728381903.0,509.0023573233309,905717571225324.5
1.9757856358822705e-08,4468274.081532512,-6039701645764370.0,517.5619734609369,1550613601280244.2
1.9957856358822704e-08,8302172.6736970795,-1.133319713885932e+16,526.3991570039229,2648239397470603.0
2.0157856358822702e-08,15345729.365110338,-2.119662664070426e+16,535.5195040801589,4513336973909496.0
2.03578563588227e-08,28255034.260202594,-3.952071715414216e+16,544.928573179593,7675547306306139.0
2.05578563588227e-08,51851688.880425245,-7.344459763752048e+16,554.6318770982012,1.3022558389057676e+16
2.0757856358822698e-08,94852235.09225339,-1.3600010726443579e+17,564.6348746257697,2.2035557922927856e+16
2.0957856358822696e-08,172942386.1375473,-2.508417684447277e+17,574.9429619771975,3.71741161427316e+16
2.1157856358822695e-08,314207614.7119357,-4.606453807046111e+17,585.561463967286,6.250120890983537e+16
2.1357856358822693e-08,568662324.5916401,-8.41905141811924e+17,596.495624929233,1.046911942355454e+17
2.1557856358822692e-08,1024853036.6314268,-1.530792033744038e+18,607.7505993773043,1.7464359012621213e+17
2.175785635882269e-08,1838572464.1590185,-2.7679581103831716e+18,619.3314424144271,2.900471822428074e+17
2.195785635882269e-08,3282133055.302706,-4.975481773703454e+18,631.2430998857412,4.794220238880321e+17
2.2157856358822687e-08,5828236907.002061,-8.887800654446461e+18,643.490398279472,7.88439195574207e+17
2.2357856358822686e-08,10291535456.915155,-1.5772405330800255e+19,656.0780343768681,1.2897187276477307e+18
2.2557856358822684e-08,18065489218.46412,-2.779821062872838e+19,669.0105646533874,2.09788838888378e+18
2.2757856358822683e-08,31515146554.305897,-4.864428764419112e+19,682.2923944338226,3.3925224698605005e+18
2.295785635882268e-08,54622510303.04467,-8.449552323843455e+19,695.927766804662,5.452766405266388e+18
2.315785635882268e-08,94036981717.2862,-1.456541904861773e+20,709.9207512876743,8.709115599400596e+18
2.3357856358822678e-08,160768772876.0395,-2.4912078462124258e+20,724.2752322795203,1.3820115889159074e+19
2.3557856358822677e-08,272892248423.12228,-4.226826006425866e+20,738.9948972631367,2.1784890441803575e+19
2.3757856358822675e-08,459818812760.3129,-7.113202483781582e+20,754.0832247977128,3.4106621295555973e+19
2.3957856358822674e-08,768982917782.7539,-1.187135493744715e+21,769.5434722953235,5.302772035609403e+19
2.4157856358822672e-08,1276197978042.6096,-1.9645646131266577e+21,785.3786635936897,8.186476162404221e+19
2.435785635882267e-08,2101532535409.1948,-3.223429613415464e+21,801.5915763361238,1.2548070744660037e+20
2.455785635882267e-08,3433398512148.819,-5.243470928520925e+21,818.1847291715098,1.9094397777768002e+20
2.4757856358822667e-08,5564720671639.385,-8.455493251819873e+21,835.160368789158,2.8843893491333897e+20
2.4957856358822666e-08,8946681486903.184,-1.3516253962907083e+22,852.5204568055891,4.325108346188267e+20
2.5157856358822664e-08,14267748533957.938,-2.1416863421405245e+22,870.2666565227338,6.437506349743685e+20
2.5357856358822663e-08,22568663657741.637,-3.3637897924833337e+22,888.4003195797058,9.510515740197272e+20
2.555785635882266e-08,35408002179373.41,-5.2368777913084945e+22,906.9224725232006,1.39459978818324e+21
2.575785635882266e-08,55098077722490.46,-8.081463502209661e+22,925.8338033247102,2.029798695172484e+21
2.595785635882266e-08,85037528347273.34,-1.2362031031973033e+23,945.1346478760942,2.9323611330131395e+21
2.6157856358822657e-08,130175342833625.89,-1.8744975559453547e+23,964.8249764986342,4.2048500669333494e+21
2.6357856358822655e-08,197651504265638.94,-2.8176844642858956e+23,984.9043805044743,5.984989357511259e+21
2.6557856358822654e-08,297672229576398.8,-4.198876154666993e+23,1005.3720588533154,8.456108496129015e+21
2.6757856358822652e-08,444693164777627.5,-6.203413653904842e+23,1026.2268049513589,1.1860122405148492e+22
2.695785635882265e-08,659001981363537.6,-9.0868069751321e+23,1047.4669936437415,1.6513473363009188e+22
2.715785635882265e-08,968812520811938.6,-1.319781239643627e+24,1069.0905684560416,2.282646852502253e+22
2.7357856358822648e-08,1413005515373442.0,-1.9007723916335793e+24,1091.0950291448175,3.1326420470125373e+22
2.7557856358822646e-08,2044674979283668.5,-2.7147021510827307e+24,1113.477419621501,4.268492084935644e+22
2.7757856358822645e-08,2935662744864628.5,-3.845049977127035e+24,1136.2343163182616,5.774942107159219e+22
2.7957856358822643e-08,4182283105484880.5,-5.401183479604235e+24,1159.36181706861,7.75790196407921e+22
2.8157856358822642e-08,5912449922308106.0,-7.524814219739209e+24,1182.8555305794403,1.0348390816626793e+23
2.835785635882264e-08,8294411772764805.0,-1.0397430132213124e+25,1206.7105665748425,1.3706723312084479e+23
2.855785635882264e-08,1.1547264681217314e+16,-1.4248548667892889e+25,1230.9215266952706,1.8026709445457872e+23
2.8757856358822637e-08,1.5953329345933538e+16,-1.9364422113039303e+25,1255.4824962384207,2.3539491855820867e+23
2.8957856358822636e-08,2.1872326963227496e+16,-2.6096507567040663e+25,1280.3870368303615,3.0516441412712926e+23
2.9157856358822634e-08,2.975703484688236e+16,-3.4868564099147628e+25,1305.628180117003,3.927027062465642e+23
2.9357856358822633e-08,4.01697162061813e+16,-4.6180649958335465e+25,1331.1984225667277,5.015321601855192e+23
2.955785635882263e-08,5.3798066878903e+16,-6.060759571649674e+25,1357.0897214749152,6.355082697383122e+23
2.975785635882263e-08,7.146869209431376e+16,-7.878883700470318e+25,1383.293492260024,7.986967189575201e+23
2.995785635882263e-08,9.41552460240371e+16,-1.0140604180586845e+26,1409.8006071387963,9.951729479609366e+23
3.015785635882263e-08,1.2297743531996893e+17,-1.2914515933486413e+26,1436.6013952649337,1.2287325807498155e+24
3.035785635882263e-08,1.591863032748093e+17,-1.6264087298545125e+26,1463.685644411209,1.5025134541485497e+24
3.0557856358822633e-08,2.0413087043982874e+17,-2.0240443748470575e+26,1491.0426042693534,1.8185512281481325e+24
3.0757856358822635e-08,2.5920164621342922e+17,-2.4874060408112326e+26,1518.660991435205,2.1773190138643058e+24
3.095785635882264e-08,3.2574798319704864e+17,-3.0166502043035085e+26,1546.5289961384653,2.577330189426752e+24
3.115785635882264e-08,4.049686922415706e+17,-3.6083825324101296e+26,1574.6342907670414,3.0149001303269153e+24
3.135785635882264e-08,4.9777838587065574e+17,-4.2553380845614064e+26,1602.964040225359,3.4841529193992776e+24
3.155785635882264e-08,6.046550887734264e+17,-4.946531305278711e+26,1631.504914154308,3.9773158713710106e+24
3.1757856358822644e-08,7.254773971728686e+17,-5.6679055546314545e+26,1660.2431010276916,4.4852750786781075e+24
3.1957856358822646e-08,8.593624435771749e+17,-6.403393882329137e+26,1689.1643241263384,4.998297546816855e+24
3.215785635882265e-08,1.004519992400032e+18,-7.136190017520476e+26,1718.2538593765246,5.506774222354244e+24
3.235785635882265e-08,1.158145127295531e+18,-7.850014931243582e+26,1747.4965550242366,6.001853420296218e+24
3.255785635882265e-08,1.3163811777146678e+18,-8.530190917920223e+26,1776.8768531012583,6.475875464065024e+24
3.275785635882265e-08,1.474392472221574e+18,-9.164426694074919e+26,1806.3788126233062,6.922592588412831e+24
3.2957856358822655e-08,1.6265856285120863e+18,-9.743302623831332e+26,1835.9861344447188,7.337221773947982e+24
3.3157856358822657e-08,1.7669998442482852e+18,-1.0260498190009912e+27,1865.6821876787344,7.716412891219653e+24
3.335785635882266e-08,1.8898472807713385e+18,-1.0712815153310223e+27,1895.4500375774428,8.058211532275303e+24
3.355785635882266e-08,1.9901318503759805e+18,-1.1100033995386629e+27,1925.2724747513223,8.3620593760406e+24
3.375785635882266e-08,2.0642292661322865e+18,-1.1424621021819276e+27,1955.1320455950997,8.628820562701679e+24
3.3957856358822664e-08,2.1102983278025247e+18,-1.1691295617066595e+27,1985.0110837747447,8.86077489269301e+24
3.4157856358822666e-08,2.1284268709441792e+18,-1.1906475760248855e+27,2014.8917426199575,9.061502960739737e+24
3.435785635882267e-08,2.1204860942081628e+18,-1.2077638938666736e+27,2044.7560282576967,9.235616324789542e+24
3.455785635882267e-08,2.08974477246873e+18,-1.2212655170496972e+27,2074.585833315314,9.388345296263835e+24
3.475785635882267e-08,2.0403484117006807e+18,-1.2319160626056189e+27,2104.362971016838,9.525056767432561e+24
3.495785635882267e-08,1.9767813050004844e+18,-1.240403917587106e+27,2134.069209492949,9.650803733457891e+24
3.5157856358822675e-08,1.9034062032109711e+18,-1.2473064460986295e+27,2163.6863061243375,9.769995004225346e+24
3.5357856358822676e-08,1.8241345312389312e+18,-1.2530727576696213e+27,2193.196041739327,9.886228900377478e+24
3.555785635882268e-08,1.7422385144753728e+18,-1.2580243238264854e+27,2222.580254490013,1.0002282640607842e+25
3.575785635882268e-08,1.660286873103587e+18,-1.262369761424384e+27,2251.8208732364656,1.0120211375238671e+25
3.595785635882268e-08,1.5801710660886932e+18,-1.266228258877131e+27,2280.899950275804,1.0241497435675625e+25
3.6157856358822684e-08,1.5031867908747044e+18,-1.2696557996614787e+27,2309.7996932619612,1.0367198962501862e+25
3.6357856358822685e-08,1.4301407517083085e+18,-1.272669389987091e+27,2338.5024961725303,1.0498067539638144e+25
3.655785635882269e-08,1.3614611039897585e+18,-1.275266345170182e+27,2366.9909691910602,1.0634625801138326e+25
3.675785635882269e-08,1.297298371912671e+18,-1.2774376234741088e+27,2395.247967386301,1.0777210940702202e+25
3.695785635882269e-08,1.2376104192275507e+18,-1.2791756767459325e+27,2423.2566180839162,1.0925996522478964e+25
3.715785635882269e-08,1.1822297477892882e+18,-1.280478089823156e+27,2451.0003468408986,1.1081004699090657e+25
3.7357856358822694e-08,1.1309141874242418e+18,-1.281348468765104e+27,2478.462901948009,1.1242117159581525e+25
3.7557856358822696e-08,1.0833833878948182e+18,-1.2817958303070752e+27,2505.628377400865,1.1409088753190399e+25
3.77578563588227e-08,1.0393439289363151e+18,-1.2818333770419708e+27,2532.4812342954433,1.158156442017895e+25
3.79578563588227e-08,9.98505738093868e+17,-1.281477182738846e+27,2559.0063206186883,1.1759098265448233e+25
3.81578563588227e-08,9.605921337192426e+17,-1.280745040482401e+27,2585.188889419241,1.1941173067668845e+25
3.83578563588227e-08,9.253453647282104e+17,-1.2796555568135942e+27,2611.0146153569885,1.2127218720915883e+25
3.8557856358822705e-08,8.925290905472216e+17,-1.2782274873032434e+27,2636.4696096429097,1.2316628611361397e+25
3.875785635882271e-08,8.619288739116145e+17,-1.276479273821513e+27,2661.540433392502,1.2508773455990247e+25
3.895785635882271e-08,8.333514573274911e+17,-1.2744287367215343e+27,2686.214109426744,1.2703012542383364e+25
3.915785635882271e-08,8.066233586641755e+17,-1.2720928802944526e+27,2710.4781325640624,1.289870257583802e+25
3.935785635882271e-08,7.815891441830889e+17,-1.2694877785755657e+27,2734.320478455027,1.309520447916538e+25
3.9557856358822714e-08,7.581096081860324e+17,-1.2666285170508847e+27,2757.729611018504,1.3291888535037915e+25
3.9757856358822716e-08,7.360599973699346e+17,-1.2635291727405497e+27,2780.694488543728,1.348813824467357e+25
3.995785635882272e-08,7.153283559210879e+17,-1.2602028203642867e+27,2803.2045685272537,1.3683353227563079e+25
4.015785635882272e-08,6.958140267694911e+17,-1.256661556072114e+27,2825.249811317049,1.3876951424719395e+25
4.035785635882272e-08,6.774263191132465e+17,-1.2529165328799614e+27,2846.8206826381374,1.4068370805347385e+25
4.055785635882272e-08,6.600833375513626e+17,-1.2489780037824356e+27,2867.908155075296,1.42570707211192e+25
4.0757856358822725e-08,6.437109603748352e+17,-1.2448553697608823e+27,2888.5037085884246,1.4442533006608985e+25
4.0957856358822727e-08,6.282419512027914e+17,-1.2405572307431715e+27,2908.5993301354138,1.4624262889484822e+25
4.115785635882273e-08,6.136151874407456e+17,-1.2360914381328017e+27,2928.1875124757644,1.480178974885763e+25
4.135785635882273e-08,5.997749898010953e+17,-1.2314651479016784e+27,2947.2612522259656,1.4974667743116135e+25
4.155785635882273e-08,5.866705386084156e+17,-1.226684873497207e+27,2965.8140472347754,1.5142476317815145e+25
4.1757856358822734e-08,5.7425536435672845e+17,-1.2217565379929454e+27,2983.83989334323,1.5304820598034197e+25
4.1957856358822735e-08,5.624869017328901e+17,-1.2166855250411628e+27,3001.333280590484,1.5461331666658636e+25
4.215785635882274e-08,5.51326097935838e+17,-1.2114767282826314e+27,3018.2891889225934,1.5611666729134134e+25
4.235785635882274e-08,5.407370675486017e+17,-1.2061345989449749e+27,3034.7030834571374,1.5755509165586293e+25
4.255785635882274e-08,5.3068678744569165e+17,-1.200663191422405e+27,3050.570909352245,1.5892568472199412e+25
4.275785635882274e-08,5.211448262528692e+17,-1.1950662066806323e+27,3065.8890863242486,1.60225800950304e+25
4.2957856358822744e-08,5.120831037401085e+17,-1.1893470333735812e+27,3080.654502853821,1.614530516075164e+25
4.3157856358822746e-08,5.0347567624583885e+17,-1.1835087865948531e+27,3094.8645101161956,1.6260530110029088e+25
4.335785635882275e-08,4.952985448248239e+17,-1.1775543442176328e+27,3108.5169156669617,1.6368066240274514e+25
4.355785635882275e-08,4.875294833045198e+17,-1.17148638080284e+27,3121.6099769109587,1.6467749165330377e+25
4.375785635882275e-08,4.801478838436718e+17,-1.1653073990773653e+27,3134.1423943780733,1.6559438200247709e+25
4.3957856358822753e-08,4.731346179275118e+17,-1.1590197590028429e+27,3146.1133048262554,1.6643015679710686e+25
4.4157856358822755e-08,4.664719110187333e+17,-1.1526257044709963e+27,3157.5222741888347,1.6718386218864364e+25
4.435785635882276e-08,4.60143229322598e+17,-1.1461273876747208e+27,3168.3692903802876,1.678547592533516e+25
4.455785635882276e-08,4.541331773263307e+17,-1.1395268912150018e+27,3178.6547559719293,1.6844231571120147e+25
4.475785635882276e-08,4.484274049439845e+17,-1.132826248012876e+27,3188.3794807466597,1.68946197327838e+25
4.495785635882276e-08,4.4301252324359795e+17,-1.126027459103195e+27,3197.544674139801,1.6936625908059188e+25
4.5157856358822764e-08,4.378760278580073e+17,-1.1191325093932546e+27,3206.1519375712774,1.697025361652602e+25
4.5357856358822766e-08,4.3300622928766995e+17,-1.1121433814743673e+27,3214.20325667288,1.6995523491547323e+25
4.555785635882277e-08,4.283921893961164e+17,-1.1050620675786317e+27,3221.7009934130965,1.7012472370107018e+25
4.575785635882277e-08,4.240236634785494e+17,-1.0978905797763854e+27,3228.6478781209917,1.7021152386615034e+25
4.595785635882277e-08,4.198910473535302e+17,-1.0906309585122872e+27,3235.0470014098364,1.7021630076150462e+25
4.615785635882277e-08,4.159853289882479e+17,-1.0832852795797853e+27,3240.9018060006483,1.7013985492005892e+25
4.6357856358822775e-08,4.12298044220839e+17,-1.0758556596348712e+27,3246.2160784454077,1.699831134178759e+25
4.6557856358822777e-08,4.088212361897252e+17,-1.0683442603505848e+27,3250.9939407495467,1.697471214572649e+25
4.675785635882278e-08,4.055474181208588e+17,-1.0607532913138184e+27,3255.23984189325,1.694330342026945e+25
4.695785635882278e-08,4.024695391598842e+17,-1.0530850117654597e+27,3258.958549251196,1.6904210889456664e+25
4.715785635882278e-08,3.9958095296818477e+17,-1.0453417312840333e+27,3262.1551399105833,1.68575697260526e+25
4.7357856358822784e-08,3.968753888301231e+17,-1.0375258095116095e+27,3264.8349918875615,1.6803523823890561e+25
4.7557856358822786e-08,3.943469250439723e+17,-1.029639655018973e+27,3267.003775242572,1.6742225102415658e+25
4.775785635882279e-08,3.919899643914707e+17,-1.0216857234049195e+27,3268.6674430955213,1.6673832843971318e+25
4.795785635882279e-08,3.897992115009424e+17,-1.0136665147219778e+27,3269.8322225421857,1.6598513063972797e+25
4.815785635882279e-08,3.877689743329296e+17,-1.0055851952697325e+27,3270.5087037045237,1.6516514515847305e+25
4.835785635882279e-08,3.858947522224869e+17,-9.974444411540898e+26,3270.7005952319673,1.6427951228355527e+25
4.8557856358822795e-08,3.84172201394298e+17,-9.892464977113558e+26,3270.414378355024,1.6332997341373146e+25
4.8757856358822796e-08,3.8259715010629875e+17,-9.809938343459906e+26,3269.657011628277,1.62318366983375e+25
4.89578563588228e-08,3.811655965565763e+17,-9.726890263306107e+26,3268.435812614082,1.6124659325122817e+25
4.91578563588228e-08,3.7987370756586995e+17,-9.643347126002248e+26,3266.758389164731,1.6011659805806225e+25
4.93578563588228e-08,3.787178150893537e+17,-9.559335721385867e+26,3264.632599625709,1.589303637712766e+25
4.9557856358822804e-08,3.776944106105829e+17,-9.474883085926972e+26,3262.0665262687007,1.576899030847974e+25
4.9757856358822805e-08,3.768001381220916e+17,-9.390016392078983e+26,3259.068455417933,1.5639725412248754e+25
4.995785635882281e-08,3.7603178634120666e+17,-9.304762862007807e+26,3255.646861249461,1.5505447623731438e+25
5.015785635882281e-08,3.753862806229503e+17,-9.219149696034782e+26,3251.810391732856,1.5366364624329663e+25
5.035785635882281e-08,3.748606748666511e+17,-9.133204010687573e+26,3247.5678558832315,1.5222685495217519e+25
5.055785635882281e-08,3.7445214359480115e+17,-9.046952783614826e+26,3242.9282118463643,1.5074620394310924e+25
5.0757856358822814e-08,3.741579743050135e+17,-8.96042280387707e+26,3237.9005555317553,1.492238025190793e+25
5.0957856358822816e-08,3.739755601468975e+17,-8.873640626807247e+26,3232.494109617928,1.476617648162615e+25
5.115785635882282e-08,3.739023929454893e+17,-8.786632533007537e+26,3226.718212819272,1.4606220703969118e+25
5.135785635882282e-08,3.739360565746947e+17,-8.69942449125312e+26,3220.582309343751,1.4442724480308686e+25
5.155785635882282e-08,3.740742206735079e+17,-8.612042125181623e+26,3214.095938496209,1.427589905540591e+25
5.175785635882282e-08,3.743146346917352e+17,-8.524510683701013e+26,3207.2687243984856,1.4105955106866775e+25
5.1957856358822825e-08,3.746551222487807e+17,-8.436855015070252e+26,3200.1103658086295,1.3933102500169982e+25
5.215785635882283e-08,3.750935757876457e+17,-8.349099544609481e+26,3192.6306260289393,1.3757550048124657e+25
5.235785635882283e-08,3.756279515059753e+17,-8.26126825598859e+26,3184.839322897828,1.3579505273823946e+25
5.255785635882283e-08,3.762562645463185e+17,-8.173384676027891e+26,3176.7463188641627,1.339917417635872e+25
5.275785635882283e-08,3.769765844285082e+17,-8.085471862926954e+26,3168.3615111454183,1.3216760998744821e+25
5.2957856358822834e-08,3.7778703070802656e+17,-7.997552397817847e+26,3159.694821972944,1.3032467997701194e+25
5.3157856358822836e-08,3.7868576884532563e+17,-7.909648379519765e+26,3150.7561889291133,1.284649521508825e+25
5.335785635882284e-08,3.796710062722288e+17,-7.821781422352826e+26,3141.555555382262,1.2659040250982499e+25
5.355785635882284e-08,3.807409886427367e+17,-7.733972656851177e+26,3132.1028610262115,1.247029803851834e+25
5.375785635882284e-08,3.81893996256752e+17,-7.646242733199426e+26,3122.4080325318614,1.2280460620771944e+25
5.395785635882284e-08,3.8312834064641926e+17,-7.558611827202076e+26,3112.480974318952,1.2089716930095766e+25
5.4157856358822845e-08,3.844423613159411e+17,-7.47109964858358e+26,3102.3315594565397,1.1898252570430805e+25
5.4357856358822847e-08,3.8583442262686656e+17,-7.383725451405815e+26,3091.969620701113,1.1706249603229264e+25
5.455785635882285e-08,3.873029108219468e+17,-7.29650804638263e+26,3081.4049416816665,1.1513886337711673e+25
5.475785635882285e-08,3.8884623118172934e+17,-7.209465814864018e+26,3070.6472482412746,1.132133712625683e+25
5.495785635882285e-08,3.904628053090896e+17,-7.122616724259266e+26,3059.7061999449243,1.1128772165782175e+25
5.5157856358822854e-08,3.921510685378927e+17,-7.035978344666073e+26,3048.591381763597,1.0936357306015201e+25
5.5357856358822855e-08,3.9390946746292576e+17,-6.949567866472673e+26,3037.3122959446764,1.0744253865582552e+25
5.555785635882286e-08,3.957364575891398e+17,-6.86340211870145e+26,3025.878354078848,1.0552618456853359e+25
5.575785635882286e-08,3.976305010990907e+17,-6.777497587866352e+26,3014.2988693737016,1.0361602820467217e+25
5.595785635882286e-08,3.9959006473826054e+17,-6.691870437120718e+26,3002.583049144216,1.01713536704561e+25
5.615785635882286e-08,4.016136178186682e+17,-6.606536525479115e+26,2990.7399875302517,9.982012550832506e+24
5.6357856358822864e-08,4.036996303418405e+17,-6.521511426904128e+26,2978.7786584510536,9.793715704467323e+24
5.6557856358822866e-08,4.058465712428088e+17,-6.43681044905793e+26,2966.7079088065566,9.606593955016644e+24
5.675785635882287e-08,4.080529067573077e+17,-6.352448651528485e+26,2954.5364519350933,9.420772602584379e+24
5.695785635882287e-08,4.103170989147771e+17,-6.26844086335121e+26,2942.27286133678,9.236371333722139e+24
5.715785635882287e-08,4.126424020021078e+17,-6.184726644760976e+26,2929.8902956504953,9.053021545371323e+24
5.7357856358822873e-08,4.150241850681132e+17,-6.10136210782191e+26,2917.436771490161,8.87140278387429e+24
5.7557856358822875e-08,4.1745984081375936e+17,-6.01839489156627e+26,2904.9188616280862,8.691591220370935e+24
5.775785635882288e-08,4.199473444845057e+17,-5.935843326738295e+26,2892.343628087186,8.513662236942099e+24
5.795785635882288e-08,4.2248491120667174e+17,-5.853721379641848e+26,2879.718340751013,8.33769444623151e+24
5.815785635882288e-08,4.250708632994896e+17,-5.7720422253111655e+26,2867.0502904327877,8.163765690653901e+24
5.835785635882288e-08,4.2770356899213024e+17,-5.690818881537204e+26,2854.3467018440047,7.991950793116765e+24
5.8557856358822884e-08,4.303814121913118e+17,-5.6100643350407104e+26,2841.6146875729964,7.822320389102228e+24
5.8757856358822886e-08,4.33102777241013e+17,-5.529791556030263e+26,2828.861220980173,7.654940321752397e+24
5.895785635882289e-08,4.358660413019538e+17,-5.450013485857966e+26,2816.0931188478958,7.489871337487007e+24
5.915785635882289e-08,4.386695707249627e+17,-5.370743019491856e+26,2803.317029543855,7.327168949973244e+24
5.935785635882289e-08,4.4151171956771014e+17,-5.29199298848207e+26,2790.539424552664,7.166883403527629e+24
5.955785635882289e-08,4.443908292900793e+17,-5.213776145470832e+26,2777.7665922111187,7.009059698611399e+24
5.97578563588229e-08,4.4730522911929043e+17,-5.1361051499744196e+26,2765.0046329776287,6.85373765840373e+24
5.99578563588229e-08,4.502532368149889e+17,-5.058992554880764e+26,2752.259455832014,6.700952024140679e+24
6.01578563588229e-08,4.532331596912231e+17,-4.982450793142028e+26,2739.5367755517786,6.550732571670056e+24
6.03578563588229e-08,4.562432958195637e+17,-4.9064921642595164e+26,2726.842110699135,6.403104244339512e+24
6.05578563588229e-08,4.5928193537314125e+17,-4.831128820279524e+26,2714.1807822066794,6.258087298859917e+24
6.07578563588229e-08,4.6234736208975066e+17,-4.7563727511222474e+26,2701.557912483227,6.11569746167757e+24
6.09578563588229e-08,4.654378548412774e+17,-4.682235769147441e+26,2688.9784249828094,5.975946093922102e+24
6.115785635882291e-08,4.685516893008121e+17,-4.608729492924052e+26,2676.4470441939,5.838840363327197e+24
6.135785635882291e-08,4.716871397002937e+17,-4.5358653302190065e+26,2663.968296015244,5.704383421733494e+24
6.155785635882291e-08,4.748424806716334e+17,-4.463654460257754e+26,2651.5465084908947,5.572574586928489e+24
6.175785635882291e-08,4.78015989163726e+17,-4.3921078153370134e+26,2639.185812881289,5.443409527684844e+24
6.195785635882291e-08,4.812059464269536e+17,-4.32123606189231e+26,2626.8901450500352,5.316880450943129e+24
6.215785635882292e-08,4.844106400559129e+17,-4.2510495811390714e+26,2614.663247148027,5.192976290157632e+24
6.235785635882292e-08,4.876283660802861e+17,-4.181558449418637e+26,2602.5086695778223,5.07168289389045e+24
6.255785635882292e-08,4.908574310930693e+17,-4.112772418389377e+26,2590.429773222102,4.952983213802055e+24
6.275785635882292e-08,4.940961544048051e+17,-4.044700895209397e+26,2578.429731920631,4.836857491248528e+24
6.295785635882292e-08,4.973428702120462e+17,-3.97735292286043e+26,2566.5115351805525,4.723283441757245e+24
6.315785635882293e-08,5.0059592976801114e+17,-3.9107371607643926e+26,2554.6779911051226,4.612236436713911e+24
6.335785635882293e-08,5.0385052749164934e+17,-3.84495733128402e+26,2542.962031437031,4.5039633805735313e+24
6.355785635882293e-08,5.0710674178755354e+17,-3.7799467668428985e+26,2531.3325750159465,4.398129661309924e+24
6.375785635882293e-08,5.1036365900225734e+17,-3.715688451565403e+26,2519.7926411893814,4.294703346854466e+24
6.395785635882293e-08,5.136200896810466e+17,-3.652185622020683e+26,2508.3448418051535,4.1936582274675476e+24
6.415785635882293e-08,5.168747320878609e+17,-3.589444721234096e+26,2496.9914574511704,4.0949656110475506e+24
6.435785635882294e-08,5.2012623351563194e+17,-3.527472314514107e+26,2485.734514497435,3.998594198219916e+24
6.455785635882294e-08,5.233732216561475e+17,-3.466274497925926e+26,2474.5758251395523,3.9045105468664557e+24
6.475785635882294e-08,5.266143236906526e+17,-3.40585678446051e+26,2463.5170111120647,3.8126794948578903e+24
6.495785635882294e-08,5.298481789611114e+17,-3.346224086353831e+26,2452.5595195414576,3.723064492391998e+24
6.515785635882294e-08,5.330734477888082e+17,-3.287380716474654e+26,2441.704634634922,3.6356278646990974e+24
6.535785635882295e-08,5.362888178067624e+17,-3.2293303928328495e+26,2430.953486987571,3.550331026229502e+24
6.555785635882295e-08,5.394930086174517e+17,-3.172076243132017e+26,2420.3070614425956,3.46713466076169e+24
6.575785635882295e-08,5.426847752861756e+17,-3.115620809061059e+26,2409.7662040273,3.3859988767186357e+24
6.595785635882295e-08,5.458629110015283e+17,-3.0599660505812745e+26,2399.3316282728706,3.306883343686597e+24
6.615785635882295e-08,5.490262491228191e+17,-3.0051133505295767e+26,2389.003921106461,3.2297474140889764e+24
6.635785635882295e-08,5.5217366476257344e+17,-2.951063519811936e+26,2378.7835484344237,3.154550232690155e+24
6.655785635882296e-08,5.5530407600531603e+17,-2.89781680339784e+26,2368.6708604933283,3.08125083579345e+24
6.675785635882296e-08,5.5841644483274e+17,-2.845372887267494e+26,2358.66609701871,3.009808241471579e+24
6.695785635882296e-08,5.615097778045847e+17,-2.7937309064134846e+26,2348.7693922644007,2.940181531823311e+24
6.715785635882296e-08,5.6458312653058285e+17,-2.7428894539573538e+26,2338.9807798938687,2.8723299280189494e+24
6.735785635882296e-08,5.676355879594344e+17,-2.6928465914078684e+26,2329.3001977573927,2.8062128587418475e+24
6.755785635882296e-08,5.706663045044264e+17,-2.6435998600605444e+26,2319.7274925637525,2.7417900225265356e+24
6.775785635882297e-08,5.7367446402106906e+17,-2.595146293515404e+26,2310.2624244514454,2.6790214444189676e+24
6.795785635882297e-08,5.766592996492676e+17,-2.5474824312722128e+26,2300.9046714621345,2.6178675273327185e+24
6.815785635882297e-08,5.796200895306702e+17,-2.50060433334768e+26,2291.653833917241,2.558289098436084e+24
6.835785635882297e-08,5.8255615641059e+17,-2.4545075958475632e+26,2282.509438697554,2.5002474508773234e+24
6.855785635882297e-08,5.854668671330957e+17,-2.4091873674174403e+26,2273.4709434249594,2.4437043811334336e+24
6.875785635882298e-08,5.883516320373462e+17,-2.3646383664890827e+26,2264.537740544971,2.3886222222507626e+24
6.895785635882298e-08,5.91209904262905e+17,-2.320854899234059e+26,2255.7091613084576,2.3349638732313477e+24
6.915785635882298e-08,5.940411789715501e+17,-2.2778308781328814e+26,2246.9844796509165,2.282692824806807e+24
6.935785635882298e-08,5.968449924929313e+17,-2.2355598410659207e+26,2238.362915967614,2.2317731818305057e+24
6.955785635882298e-08,5.996209214012952e+17,-2.1940349708315673e+26,2229.843640783023,2.1821696825086854e+24
6.975785635882298e-08,6.023685815303757e+17,-2.1532491149974284e+26,2221.425778313142,2.1338477146816175e+24
6.995785635882299e-08,6.050876269334171e+17,-2.113194805991757e+26,2213.108409919433,2.086773329356738e+24
7.015785635882299e-08,6.077777487951497e+17,-2.0738642813444827e+26,2204.8905774533932,2.0409132516868103e+24
7.035785635882299e-08,6.10438674302369e+17,-2.0352495039900493e+26,2196.771286490927,1.9962348895773626e+24
7.055785635882299e-08,6.130701654795796e+17,-1.9973421825479756e+26,2188.749509455999,1.9527063400991204e+24
7.075785635882299e-08,6.156720179959479e+17,-1.9601337915010462e+26,2180.824188633249,1.9102963938728037e+24
7.0957856358823e-08,6.182440599495703e+17,-1.9236155911955357e+26,2172.994239069516,1.8689745375852125e+24
7.1157856358823e-08,6.207861506348049e+17,-1.887778647592833e+26,2165.2585513644467,1.8287109547875653e+24
7.1357856358823e-08,6.232981792981331e+17,-1.852613851706901e+26,2157.6159943506245,1.789476525119068e+24
7.1557856358823e-08,6.257800638877308e+17,-1.8181119386673156e+26,2150.065417663856,1.7512428220908894e+24
7.1757856358823e-08,6.282317498016174e+17,-1.784263506353076e+26,2142.605654204473,1.7139821095581683e+24
7.1957856358823e-08,6.306532086389395e+17,-1.7510590335478307e+26,2135.2355224907324,1.6776673370003826e+24
7.2157856358823e-08,6.33044436958624e+17,-1.7184888975726955e+26,2127.953828905572,1.6422721337232955e+24
7.235785635882301e-08,6.354054550493103e+17,-1.686543391358167e+26,2120.759369838173,1.6077708020888108e+24
7.255785635882301e-08,6.377363057141496e+17,-1.6552127399220197e+26,2113.650933721939,1.5741383098724862e+24
7.275785635882301e-08,6.400370530737335e+17,-1.6244871162251708e+26,2106.6273029706635,1.541350281842072e+24
7.295785635882301e-08,6.42307781390098e+17,-1.5943566563825263e+26,2099.687255814805,1.5093829906444496e+24
7.315785635882301e-08,6.445485939144392e+17,-1.56481147421054e+26,2092.8295680398996,1.4782133470823555e+24
7.335785635882302e-08,6.467596117608695e+17,-1.5358416750978443e+26,2086.053014629288,1.4478188898569725e+24
7.355785635882302e-08,6.489409728082574e+17,-1.5074373691894423e+26,2079.3563713133935,1.4181777748468956e+24
7.375785635882302e-08,6.510928306319059e+17,-1.4795886838791608e+26,2072.738416027937,1.389268763989223e+24
7.395785635882302e-08,6.532153534665603e+17,-1.4522857756086348e+26,2066.1979302834916,1.3610712138235475e+24
7.415785635882302e-08,6.553087232019785e+17,-1.4255188409746717e+26,2059.7337004488963,1.3335650637552326e+24
7.435785635882303e-08,6.573731344120575e+17,-1.3992781271499744e+26,2053.344518951092,1.306730824090061e+24
7.455785635882303e-08,6.594087934182808e+17,-1.3735539416250411e+26,2047.029185393956,1.2805495638881945e+24
7.475785635882303e-08,6.614159173880429e+17,-1.3483366612817742e+26,2040.7865075988036,1.2550028986817705e+24
7.495785635882303e-08,6.633947334682054e+17,-1.3236167408115823e+26,2034.615302569215,1.2300729780967188e+24
7.515785635882303e-08,6.653454779540643e+17,-1.2993847204928461e+26,2028.5143973828588,1.2057424734160681e+24
7.535785635882303e-08,6.672683954937325e+17,-1.2756312333444037e+26,2022.48263001302,1.1819945651188368e+24
7.555785635882304e-08,6.691637383277985e+17,-1.2523470116733267e+26,2016.5188500825213,1.1588129304256433e+24
7.575785635882304e-08,6.710317655639762e+17,-1.2295228930364615e+26,2010.6219195527049,1.1361817308792969e+24
7.595785635882304e-08,6.728727424863405e+17,-1.2071498256364489e+26,2004.7907133501822,1.1140855999862063e+24
7.615785635882304e-08,6.746869398986331e+17,-1.185218873173674e+26,1999.0241199339603,1.0925096309417283e+24
7.635785635882304e-08,6.764746335010213e+17,-1.1637212191763999e+26,1993.3210418056044,1.0714393644605828e+24
7.655785635882305e-08,6.782361032996097e+17,-1.1426481708317694e+26,1987.6803959650033,1.0508607767310858e+24
7.675785635882305e-08,6.799716330479284e+17,-1.1219911623407114e+26,1982.101114314302,1.030760267510139e+24
7.695785635882305e-08,6.816815097195587e+17,-1.1017417578199963e+26,1976.5821440125135,1.0111246483739458e+24
7.715785635882305e-08,6.833660230110016e+17,-1.0818916537746829e+26,1971.122447783274,9.919411311377986e+23
7.735785635882305e-08,6.850254648738554e+17,-1.0624326811641405e+26,1965.7210041781566,9.731973164565754e+23
7.755785635882305e-08,6.86660129075326e+17,-1.0433568070845996e+26,1960.3768077979048,9.548811826162002e+23
7.775785635882306e-08,6.882703107860742e+17,-1.0246561360909033e+26,1955.0888694738924,9.369810745248512e+23
7.795785635882306e-08,6.898563061943803e+17,-1.0063229111797394e+26,1949.8562164120606,9.194856929115181e+23
7.815785635882306e-08,6.914184121455931e+17,-9.883495144561317e+25,1944.677892301513,9.023840837382322e+23
7.835785635882306e-08,6.92956925805829e+17,-9.70728467504466e+25,1939.5529573899005,8.856656278312909e+23
7.855785635882306e-08,6.944721443488797e+17,-9.534524314846802e+25,1934.4804885276378,8.693200307357043e+23
7.875785635882307e-08,6.959643646652973e+17,-9.365142069736668e+25,1929.459579182968,8.53337312796258e+23
7.895785635882307e-08,6.974338830926299e+17,-9.199067335711795e+25,1924.4893394297828,8.377077994676496e+23
7.915785635882307e-08,6.988809951657969e+17,-9.036230892888573e+25,1919.5688959100614,8.22422111855426e+23
7.935785635882307e-08,7.003059953866074e+17,-8.876564897402738e+25,1914.6973917727387,8.074711574887503e+23
7.955785635882307e-08,7.01709177011447e+17,-8.720002871490565e+25,1909.8739865906941,7.928461213252772e+23
7.975785635882307e-08,7.030908318561782e+17,-8.566479691914532e+25,1905.0978562575422,7.785384569879399e+23
7.995785635882308e-08,7.044512501173243e+17,-8.415931576889152e+25,1900.368192865806,7.645398782328293e+23
8.015785635882308e-08,7.057907202086364e+17,-8.268296071654631e+25,1895.6842045679937,7.508423506468901e+23
8.035785635882308e-08,7.071095286121644e+17,-8.123512032838711e+25,1891.0451154220364,7.374380835736908e+23
8.055785635882308e-08,7.084079597429893e+17,-7.981519611739111e+25,1886.450165222469,7.243195222651375e+23
8.075785635882308e-08,7.096862958267992e+17,-7.842260236651669e+25,1881.8986093186907,7.1147934025665e+23
8.095785635882308e-08,7.109448167895222e+17,-7.705676594361891e+25,1877.3897184215577,6.989104319629891e+23
8.115785635882309e-08,7.12183800158264e+17,-7.571712610910107e+25,1872.9227783995066,6.866059054916156e+23
8.135785635882309e-08,7.13403520972827e+17,-7.440313431733978e+25,1868.4970900653539,6.74559075670272e+23
8.155785635882309e-08,7.146042517071169e+17,-7.311425401284595e+25,1864.1119689548348,6.627634572851752e+23
8.175785635882309e-08,7.157862621997806e+17,-7.184996042206439e+25,1859.766745097913,6.512127585260909e+23
8.19578563588231e-08,7.169498195934419e+17,-7.060974034164837e+25,1855.4607627838209,6.399008746343543e+23
8.21578563588231e-08,7.180951882819402e+17,-6.939309192398289e+25,1851.1933803207291,6.288218817497666e+23
8.23578563588231e-08,7.192226298650002e+17,-6.8199524460675514e+25,1846.9639697909088,6.179700309521842e+23
8.25578563588231e-08,7.203324031097967e+17,-6.702855816467423e+25,1842.7719168021795,6.07339742493531e+23
8.27578563588231e-08,7.214247639189024e+17,-6.58797239516217e+25,1838.6166202364036,5.9692560021587046e+23
8.29578563588231e-08,7.224999653041366e+17,-6.4752563220998584e+25,1834.497491995711,5.867223461511112e+23
8.31578563588231e-08,7.235582573658602e+17,-6.364662763756931e+25,1830.4139567471352,5.76724875297917e+23
8.33578563588231e-08,7.245998872772892e+17,-6.256147891358831e+25,1826.3654516662455,5.669282305713034e+23
8.355785635882311e-08,7.256250992734204e+17,-6.149668859218751e+25,1822.3514261803618,5.5732759792045616e+23
8.375785635882311e-08,7.266341346441943e+17,-6.0451837832324525e+25,1818.371341711864,5.479183016102441e+23
8.395785635882311e-08,7.276272317315369e+17,-5.9426517195629225e+25,1814.4246714220917,5.38695799661967e+23
8.415785635882311e-08,7.286046259299487e+17,-5.842032643545465e+25,1810.5108999562751,5.296556794488575e+23
8.435785635882312e-08,7.295665496903297e+17,-5.743287428840084e+25,1806.62952318991,5.2079365344190355e+23
8.455785635882312e-08,7.305132325267496e+17,-5.646377826855148e+25,1802.7800479769598,5.121055551016196e+23
8.475785635882312e-08,7.314449010258917e+17,-5.551266446463103e+25,1798.9619919002153,5.0358733491138754e+23
8.495785635882312e-08,7.32361778858919e+17,-5.4579167340264856e+25,1795.174883024134,4.952350565481021e+23
8.515785635882312e-08,7.332640867955267e+17,-5.366292953749892e+25,1791.4182596504463,4.870448931858895e+23
8.535785635882312e-08,7.341520427199635e+17,-5.276360168371054e+25,1787.6916700767672,4.7901312392871794e+23
8.555785635882313e-08,7.350258616488215e+17,-5.188084220202183e+25,1783.9946723584544,4.7113613036782666e+23
8.575785635882313e-08,7.358857557504044e+17,-5.101431712530648e+25,1780.3268340739119,4.634103932599381e+23
8.595785635882313e-08,7.367319343655032e+17,-5.0163699913862035e+25,1776.6877320935168,4.558324893223344e+23
8.615785635882313e-08,7.375646040294209e+17,-4.932867127680276e+25,1773.0769523523254,4.4839908814091444e+23
8.635785635882313e-08,7.383839684950966e+17,-4.850891899721354e+25,1769.4940896266962,4.4110694918748215e+23
8.655785635882313e-08,7.391902287571951e+17,-4.770413776109014e+25,1765.938747314947,4.339529189425666e+23
8.675785635882314e-08,7.399835830770394e+17,-4.691402899007859e+25,1762.4105372221372,4.269339281201702e+23
8.695785635882314e-08,7.407642270082684e+17,-4.613830067801528e+25,1758.9090793490643,4.200469889909468e+23
8.715785635882314e-08,7.415323534231205e+17,-4.5376667231257715e+25,1755.4340016855272,4.132891928003731e+23
8.735785635882314e-08,7.422881525392426e+17,-4.462884931278989e+25,1751.9849400079293,4.0665770727861215e+23
8.755785635882314e-08,7.430318119469426e+17,-4.389457369007126e+25,1748.5615376812204,4.0014977423878845e+23
8.775785635882315e-08,7.437635166368028e+17,-4.317357308659786e+25,1745.1634454652378,3.9376270726056776e+23
8.795785635882315e-08,7.444834490275844e+17,-4.246558603713372e+25,1741.7903213254313,3.87493889455956e+23
8.815785635882315e-08,7.45191788994357e+17,-4.177035674656472e+25,1738.4418302479892,3.813407713143703e+23
8.835785635882315e-08,7.458887138967945e+17,-4.108763495232368e+25,1735.1176440593422,3.75300868624087e+23
8.855785635882315e-08,7.465743986075849e+17,-4.041717579032985e+25,1731.8174412500382,3.6937176046729385e+23
8.875785635882315e-08,7.47249015540905e+17,-3.975873966438263e+25,1728.5409068029528,3.635510872860345e+23
8.895785635882316e-08,7.47912734680918e+17,-3.911209211894591e+25,1725.2877320258044,3.5783654901643655e+23
8.915785635882316e-08,7.485657236102559e+17,-3.8477003715256925e+25,1722.0576143879302,3.522259032886895e+23
8.935785635882316e-08,7.492081475384506e+17,-3.78532499106921e+25,1718.850257361284,3.4671696369033656e+23
8.955785635882316e-08,7.498401693302856e+17,-3.72406109413184e+25,1715.6653702655847,3.413075980904995e+23
8.975785635882316e-08,7.504619495340396e+17,-3.663887170756018e+25,1712.5026681175782,3.359957270227734e+23
8.995785635882317e-08,7.510736464095983e+17,-3.6047821662909045e+25,1709.3618714843374,3.307793221245731e+23
9.015785635882317e-08,7.516754159564147e+17,-3.546725470560264e+25,1706.2427063405337,3.256564046308082e+23
9.035785635882317e-08,7.522674119412972e+17,-3.4896969073201824e+25,1703.144903929626,3.206250439198467e+23
9.055785635882317e-08,7.528497859260119e+17,-3.433676723998987e+25,1700.068200628871,3.1568335610976704e+23
9.075785635882317e-08,7.534226872946847e+17,-3.378645581712239e+25,1697.0123378180954,3.108295027030085e+23
9.095785635882317e-08,7.539862632809897e+17,-3.3245845455455906e+25,1693.977061752158,3.0606168927758326e+23
9.115785635882318e-08,7.545406589951163e+17,-3.271475075098153e+25,1690.9621234370097,3.0137816422307653e+23
9.135785635882318e-08,7.550860174505044e+17,-3.2192990152793425e+25,1687.9672785092757,2.9677721751972712e+23
9.155785635882318e-08,7.556224795903425e+17,-3.168038587352164e+25,1684.9922871192884,2.9225717955896243e+23
9.175785635882318e-08,7.561501843138212e+17,-3.117676380215986e+25,1682.036913817478,2.8781642000380135e+23
9.195785635882318e-08,7.566692685021386e+17,-3.0681953419220216e+25,1679.100927444047,2.8345334668760925e+23
9.215785635882319e-08,7.571798670442538e+17,-3.0195787714147963e+25,1676.1841010218418,2.791664045497521e+23
9.235785635882319e-08,7.576821128623852e+17,-2.9718103104930664e+25,1673.286211652343,2.7495407460673944e+23
9.255785635882319e-08,7.581761369372521e+17,-2.9248739359837913e+25,1670.407040414694,2.708148729575179e+23
9.275785635882319e-08,7.586620683330592e+17,-2.8787539521228317e+25,1667.546372267678,2.6674734982160876e+23
9.295785635882319e-08,7.591400342222212e+17,-2.8334349831363405e+25,1664.7039959545782,2.627500886088587e+23
9.31578563588232e-08,7.596101599098299e+17,-2.7889019660167756e+25,1661.879703910828,2.5882170501959798e+23
9.33578563588232e-08,7.600725688578621e+17,-2.7451401434878326e+25,1659.073292174379,2.5496084617406332e+23
9.35578563588232e-08,7.605273827091309e+17,-2.7021350571525315e+25,1656.2845602987102,2.5116618976998472e+23
9.37578563588232e-08,7.609747213109798e+17,-2.6598725408189704e+25,1653.5133112683905,2.4743644326726783e+23
9.39578563588232e-08,7.614147027387227e+17,-2.6183387139985192e+25,1650.7593514171447,2.4377034309877665e+23
9.41578563588232e-08,7.618474433188297e+17,-2.577519975571084e+25,1648.0224903483174,2.4016665390621936e+23
9.43578563588232e-08,7.622730576518619e+17,-2.5374029976125193e+25,1645.3025408576864,2.366241678002156e+23
9.45578563588232e-08,7.62691658635157e+17,-2.497974719379267e+25,1642.5993188585426,2.3314170364364325e+23
9.475785635882321e-08,7.63103357485267e+17,-2.4592223414455012e+25,1639.9126433089714,2.297181063574017e+23
9.495785635882321e-08,7.635082637601508e+17,-2.4211333199881725e+25,1637.242336141267,2.2635224624776788e+23
9.515785635882321e-08,7.639064853811251e+17,-2.383695361215504e+25,1634.5882221934082,2.2304301835454755e+23
9.535785635882321e-08,7.642981286545737e+17,-2.3468964159346994e+25,1631.9501291425408,2.1978934181926534e+23
9.555785635882322e-08,7.646832982934189e+17,-2.3107246742546384e+25,1629.3278874403948,2.165901592726606e+23
9.575785635882322e-08,7.650620974383585e+17,-2.2751685604195775e+25,1626.721330250578,2.1344443624078904e+23
9.595785635882322e-08,7.654346276788684e+17,-2.2402167277699513e+25,1624.1302933876846,2.1035116056905647e+23
9.615785635882322e-08,7.658009890739748e+17,-2.2058580538265297e+25,1621.5546152581646,2.0730934186354365e+23
9.635785635882322e-08,7.661612801727988e+17,-2.1720816354943163e+25,1618.9941368028929,2.0431801094899904e+23
9.655785635882322e-08,7.665155980348741e+17,-2.138876784382602e+25,1616.44870144138,2.0137621934290616e+23
9.675785635882323e-08,7.668640382502417e+17,-2.1062330222379083e+25,1613.9181550175836,1.9848303874506014e+23
9.695785635882323e-08,7.672066949593226e+17,-2.0741400764864507e+25,1611.4023457472533,1.9563756054210178e+23
9.715785635882323e-08,7.675436608725729e+17,-2.0425878758829985e+25,1608.9011241667724,1.9283889532648732e+23
9.735785635882323e-08,7.6787502728992e+17,-2.011566546263076e+25,1606.4143430834345,1.900861724293886e+23
9.755785635882323e-08,7.682008841199857e+17,-1.9810664063955505e+25,1603.9418575271184,1.8737853946704007e+23
9.775785635882324e-08,7.68521319899096e+17,-1.951077963932772e+25,1601.483524703312,1.847151619000717e+23
9.795785635882324e-08,7.688364218100806e+17,-1.9215919114554954e+25,1599.0392039474377,1.8209522260537812e+23
9.815785635882324e-08,7.691462757008635e+17,-1.8925991226099735e+25,1596.6087566804429,1.7951792146010007e+23
9.835785635882324e-08,7.69450966102847e+17,-1.8640906483345985e+25,1594.1920463656077,1.7698247493730418e+23
9.855785635882324e-08,7.697505762490915e+17,-1.8360577131736507e+25,1591.7889384665334,1.7448811571296842e+23
9.875785635882324e-08,7.700451880922918e+17,-1.8084917116757773e+25,1589.399300406274,1.7203409228389425e+23
9.895785635882325e-08,7.703348823225526e+17,-1.7813842048748432e+25,1587.0230015275677,1.6961966859618048e+23
9.915785635882325e-08,7.706197383849641e+17,-1.7547269168509714e+25,1584.6599130541429,1.6724412368391125e+23
9.935785635882325e-08,7.70899834496981e+17,-1.7285117313695976e+25,1582.3099080530517,1.649067513177194e+23
9.955785635882325e-08,7.711752476656044e+17,-1.7027306885964195e+25,1579.9728613980028,1.6260685966290213e+23
9.975785635882325e-08,7.714460537043694e+17,-1.677375981886281e+25,1577.6486497336634,1.6034377094678074e+23
9.995785635882325e-08,7.717123272501409e+17,-1.6524399546440318e+25,1575.3371514408984,1.581168211350056e+23
1.0015785635882326e-07,7.719741417797169e+17,-1.627915097255441e+25,1573.0382466029118,1.5592535961651686e+23
1.0036785635882326e-07,7.722442192984091e+17,-1.6026047386249828e+25,1570.638182095959,1.5366235246747382e+23
1.0058835635882326e-07,7.725225754061851e+17,-1.5765040746841983e+25,1568.133154874094,1.513272056387961e+23
1.0081988135882325e-07,7.728091971903133e+17,-1.5496109768990074e+25,1565.519278444954,1.4891954609500297e+23
1.0106298260882325e-07,7.731040409905919e+17,-1.5219260079930991e+25,1562.7925867336382,1.4643922178647475e+23
1.0131823892132324e-07,7.734070299430568e+17,-1.4934525301274227e+25,1559.9490386060395,1.4388631187347115e+23
1.0158625804944824e-07,7.737180513848358e+17,-1.4641968598667614e+25,1556.9845230926162,1.4126114072858903e+23
1.0186767813397948e-07,7.740369541789573e+17,-1.4341684485248519e+25,1553.894865353038,1.3856429397635321e+23
1.021631692227373e-07,7.743635460090291e+17,-1.4033800752919221e+25,1550.6758334210426,1.35796635600172e+23
1.02473434865933e-07,7.746975906906359e+17,-1.371848044521202e+25,1547.3231457671095,1.3295932545674793e+23
1.0279921379128849e-07,7.750388055464425e+17,-1.3395923806113222e+25,1543.8324797142677,1.3005383669409038e+23
1.0314128166291175e-07,7.753868588941306e+17,-1.3066370150040396e+25,1540.199480739303,1.2708197264978656e+23
1.0350045292811617e-07,7.757413676996785e+17,-1.2730099603439325e+25,1536.4197726879825,1.2404588284432774e+23
1.0387758275658082e-07,7.76101895452613e+17,-1.2387434670499841e+25,1532.488968928396,1.2094807769772574e+23
1.042735690764687e-07,7.764679503243146e+17,-1.2038741575708153e+25,1528.4026844611951,1.1779144159717158e+23
1.0468935471235097e-07,7.768389836749028e+17,-1.1684431335291578e+25,1524.156548999431,1.145792439361189e+23
1.0512592963002736e-07,7.772143889783544e+17,-1.1324960508698418e+25,1519.7462210235772,1.1131514773556636e+23
1.0558433329358757e-07,7.775935012390168e+17,-1.0960831580563546e+25,1515.1674028094635,1.0800321545004104e+23
1.0606565714032578e-07,7.7797559697525e+17,-1.0592592923487306e+25,1510.4158564179938,1.0464791155637917e+23
1.0657104717940091e-07,7.783598948472622e+17,-1.0220838292689791e+25,1505.4874206258094,1.0125410152502993e+23
1.071017067204298e-07,7.787455570059496e+17,-9.846205805437794e+24,1500.378028765485,9.782704678305929e+22
1.0765889923851013e-07,7.791316912373752e+17,-9.469376361286917e+24,1495.0837274324415,9.437239529688372e+22
1.0824395138249448e-07,7.795173539730839e+17,-9.091071463821655e+24,1489.6006960036498,9.089616743242144e+22
1.0885825613367803e-07,7.79901554229407e+17,-8.712050410859913e+24,1483.925266900428,8.740473679198734e+22
1.0950327612242078e-07,7.802832585289683e+17,-8.333106828126116e+24,1478.0539465142556,8.390480578178088e+22
1.1018054711060066e-07,7.806613968444814e+17,-7.955064531266205e+24,1471.983436700925,8.040337573199985e+22
1.1089168164818953e-07,7.81034869588444e+17,-7.578772712769919e+24,1465.7106567342485,7.69077114735465e+22
1.1163837291265785e-07,7.814025556523823e+17,-7.205100463847462e+24,1459.2327655968058,7.342530037107879e+22
1.1242239874034958e-07,7.817633214758968e+17,-6.834930656402835e+24,1452.5471844711628,6.996380592075655e+22
1.132456258594259e-07,7.821160310990844e+17,-6.469153226760301e+24,1445.6516192818076,6.653101614148631e+22
1.1411001433445603e-07,7.824595571223054e+17,-6.108657920376197e+24,1438.5440831252306,6.313478711854128e+22
1.1501762223323768e-07,7.827927924652828e+17,-5.754326574992652e+24,1431.2229184139267,5.978298219562618e+22
1.159706105269584e-07,7.831146627839247e+17,-5.407025038013422e+24,1423.6868185493893,5.648340745219157e+22
1.1697124823536516e-07,7.834241393690492e+17,-5.067594831702164e+24,1415.9348489303588,5.32437442432124e+22
1.1802191782919225e-07,7.837202523175694e+17,-4.736844696393535e+24,1407.9664670952777,5.0071479713778176e+22
1.191251209027107e-07,7.840021037350849e+17,-4.415542156515995e+24,1399.7815417927184,4.6973836325560626e+22
1.2028348412990508e-07,7.842688807007853e+17,-4.104405266073643e+24,1391.380370770977,4.395770154104192e+22
1.2149976551845917e-07,7.845198677027949e+17,-3.8040946985275565e+24,1382.7636970777667,4.102955889843649e+22
1.2277686097644096e-07,7.847544582362674e+17,-3.51520635004178e+24,1373.932723663556,3.819542177008572e+22
1.2411781120732185e-07,7.849721652493171e+17,-3.2382646241980114e+24,1364.8891260878518,3.5460771124713357e+22
1.2552580894974678e-07,7.851726301247206e+17,-2.9737165600546786e+24,1355.6350631364612,3.283049860492733e+22
1.2700420657929295e-07,7.853556298993989e+17,-2.7219269535585137e+24,1346.173185169579,3.0308856182601536e+22
1.2855652409031645e-07,7.855210824497737e+17,-2.4831746047797236e+24,1336.506640035759,2.7899413564627863e+22
1.301864574768911e-07,7.85669049409422e+17,-2.2576498004579446e+24,1326.6390764050561,2.5605024389890553e+22
1.318978875327945e-07,7.857997366356805e+17,-2.045453113428067e+24,1316.5746443956184,2.342780208703477e+22
1.3369488909149306e-07,7.85913492102948e+17,-1.8465955684524472e+24,1306.3179933922092,2.136910605565199e+22
1.3558174072812655e-07,7.860108011706975e+17,-1.6610001888625767e+24,1295.8742669814735,1.9429538596512416e+22
1.3756293494659172e-07,7.860922792512744e+17,-1.4885049014980646e+24,1285.2490949571802,1.760895275708249e+22
1.3964318887598013e-07,7.861586619834618e+17,-1.3288667401768918e+24,1274.4485823794084,1.5906470985923937e+22
1.4182745550183798e-07,7.862107930991473e+17,-1.1817672518505632e+24,1263.479295702714,1.4320514213588958e+22
1.4412093545898873e-07,7.862496102485189e+17,-1.0468189762568825e+24,1252.3482460213866,1.2848840709312518e+22
1.4652908941399702e-07,7.862761291203009e+17,-9.235728406941223e+23,1241.0628695113583,1.1488593812449443e+22
1.4905765106675571e-07,7.862914262539825e+17,-8.115262878254272e+23,1229.631005181804,1.0236357415797325e+22
1.5171264080215235e-07,7.862966209875972e+17,-7.101319371503171e+23,1218.0608700797732,9.088217893025226e+21
1.545003800243188e-07,7.862928570147579e+17,-6.188065706895937e+23,1206.361032121177,8.03983102196302e+21
1.574275062075936e-07,7.862812840365567e+17,-5.3694023084789586e+23,1194.540380749308,7.086492364415635e+21
1.6050098870003212e-07,7.86263039986756e+17,-4.639052233048768e+23,1182.6080956470446,6.223209524116968e+21
1.6372814531709257e-07,7.862392342826045e+17,-3.9906482973452176e+23,1170.573613750603,5.444774717649023e+21
1.6711665976500605e-07,7.862109325098318e+17,-3.41781553419498e+23,1158.4465948318527,4.74583615645047e+21
1.7067459993531518e-07,7.861791428910998e+17,-2.914247443675845e+23,1146.2368859304345,4.12096684681296e+21
1.744104371141398e-07,7.861448048154436e+17,-2.4737747811217905e+23,1133.9544849281058,3.5647295627701733e+21
1.783330661519056e-07,7.861087796256755e+17,-2.0904259259758326e+23,1121.6095035641606,3.0717369260943186e+21
1.8245182664155972e-07,7.860718437754459e+17,-1.7584781898459214e+23,1109.2121301932282,2.636705729468343e+21
1.8677652515569654e-07,7.860346843818404e+17,-1.4724997346485838e+23,1096.77259258442,2.2545048540315255e+21
1.9131745859554022e-07,7.859978971171487e+17,-1.2273820696360557e+23,1084.3011210560421,1.9201963517967076e+21
1.9608543870737609e-07,7.859619863084625e+17,-1.0183633681793364e+23,1071.8079122284385,1.629069478140304e+21
2.0109181782480374e-07,7.859273670491747e+17,-8.410430826677713e+22,1059.3030936660666,1.3766676621627003e+21
2.0634851589810277e-07,7.858943690746213e+17,-6.913885322191622e+22,1046.7966896610703,1.1588085865294316e+21
2.1186804887506674e-07,7.858632421165423e+17,-5.657342894136175e+22,1034.2985883929503,9.715977085850603e+20
2.1766355850087893e-07,7.858341624283621e+17,-4.607752975890087e+22,1021.8185106752619,8.114356874186099e+20
2.237488436079817e-07,7.858072401652575e+17,-3.7355471052893e+22,1009.365980477545,6.750202853108284e+20
2.3013839297043962e-07,7.85782527308582e+17,-3.0144746465082707e+22,996.950297383828,5.593433860193003e+20
2.3684741980102044e-07,7.857600258417825e+17,-2.4214057478893165e+22,984.5805111238415,4.616838175401655e+20
2.438918979731303e-07,7.857396959123452e+17,-1.9361109414487876e+22,972.265398285256,3.795966851935199e+20
2.5128860005384565e-07,7.857214637491117e+17,-1.5410260347750986e+22,960.0134412886795,3.1089991496131956e+20
2.5905513723859677e-07,7.857052291439587e+17,-1.2210100085120578e+22,947.8328096801397,2.5365868038476815e+20
2.6721000128258546e-07,7.856908723488503e+17,-9.631025785680593e+21,935.731343770443,2.061683428449248e+20
2.757726085287736e-07,7.856782602813573e+17,-7.562869726589571e+21,923.7165406257806,1.6693647867989465e+20
2.847633461372711e-07,7.856672519719133e+17,-5.91262359680308e+21,911.795542390957,1.3466450127445506e+20
2.942036206261935e-07,7.856577032227562e+17,-4.602293026098534e+21,899.9751269048024,1.0822931569291167e+20
3.04115908839562e-07,7.856494704805156e+17,-3.5669061633829844e+21,888.2617005490008,8.666537096029805e+19
3.145238114635989e-07,7.856424139510282e+17,-2.752691261879381e+21,876.6612932516729,6.914740360179119e+19
3.254521092188377e-07,7.856364000058588e+17,-2.1154305678887706e+21,865.1795555551503,5.49740979105938e+19
3.3692682186183844e-07,7.856313029452101e+17,-1.6189914159280085e+21,853.8217576410616,4.355282543276793e+19
3.489752701369892e-07,7.856270061917432e+17,-1.2340303076156574e+21,842.5927901975025,3.4385569654108942e+19
3.6162614082589753e-07,7.856234029948398e+17,-9.368618361618579e+20,831.4971670035277,2.7056092636320068e+19
3.7490955504925125e-07,7.856203967257221e+17,-7.08481512158406e+20,820.539029099827,2.121835874705953e+19
3.8885713998377265e-07,7.85617900841368e+17,-5.3372971965180045e+20,809.7221504107628,1.6586196645771864e+19
4.0350210416502017e-07,7.856158385901174e+17,-4.005830384493586e+20,799.0499446801833,1.2924154007693943e+19
4.1887931655533e-07,7.856141425250102e+17,-2.9955885870151873e+20,788.5254735834125,1.0039479548649017e+19
4.3502538956515537e-07,7.85612753882939e+17,-2.232194403161349e+20,778.1514558781914,7.775153049308388e+18
4.51978766225472e-07,7.856116218792104e+17,-1.6576219659277448e+20,767.9302774612188,6.003875473915007e+18
4.6977981171880446e-07,7.856107029586129e+17,-1.2268388735978955e+20,757.8640021996537,4.622927098822917e+18
4.884709094868035e-07,7.85609960035944e+17,-9.050748811889118e+19,747.9543834124436,3.5498009844089984e+18
5.080965621432025e-07,7.856093617514418e+17,-6.6561672751029756e+19,738.2028758829521,2.718521354547648e+18
5.287034974324215e-07,7.85608881759877e+17,-4.880404067426638e+19,728.610648289488,2.076560774136263e+18
5.503407794861015e-07,7.856084980662769e+17,-3.5680384088741028e+19,719.1785959474682,1.5822758050441992e+18
5.730599256424655e-07,7.85608192416412e+17,-2.6013390952134427e+19,709.9073537672332,1.2027875337960832e+18
5.969150291066476e-07,7.856079497462442e+17,-1.891519102263797e+19,700.7973093347265,9.122405536114172e+17
6.219628877440389e-07,7.856077576914525e+17,-1.3719062415313641e+19,691.8486160337,6.903812944130496e+17
6.482631393132997e-07,7.856076061558335e+17,-9.92641937456773e+18,683.0612061338028,5.2140375426156576e+17
6.758784034610236e-07,7.856074869357107e+17,-7.165899165395739e+18,674.4348037762777,3.9301749725785344e+17
7.048744308161336e-07,7.856073933963823e+17,-5.161962156216577e+18,665.9689377990809,2.956991123746308e+17
7.353202595389991e-07,7.85607320195977e+17,-3.710922101883429e+18,657.6629543449797,2.2209409394897574e+17
7.672883796980079e-07,7.856072630517878e+17,-2.6627427173928986e+18,649.5160292091678,1.6654126953937862e+17
8.008549058649672e-07,7.856072185441187e+17,-1.907281886713569e+18,641.5271798840687,1.2469645837938582e+17
8.360997583402744e-07,7.85607183952838e+17,-1.363946305248235e+18,633.6952772677896,9.323601222982838e+16
8.73106853439347e-07,7.856071571221247e+17,-9.739465531381245e+17,626.019057006992,6.9624304727253256e+16
9.119643032933733e-07,7.856071363492664e+17,-6.945243221558533e+17,618.4971304516439,5.193214078990965e+16
9.527646256401008e-07,7.856071202937878e+17,-4.946676239762938e+17,611.1279952016657,3.869550530007967e+16
9.956049641041648e-07,7.856071079036108e+17,-3.519431571217285e+17,603.910045231906,2.8806113176597068e+16
1e-06,7.856071066699345e+17,-3.392390276700036e+17,603.1741949835599,2.78966109027023e+16
