t(s),Adsorbed H on surface 1 (H m-2),solute flux surface 1 (H m-2 s-1),Total T surface 1 (K),0 value at [0] (H m-3)
1e-06,9.723188901382721e-09,-0.0006103771133763388,300.6564947463578,0.03680096329034449
2.05e-06,9.723188901382721e-09,-0.0006267184019915707,301.6889860500442,0.03680096329034449
3.1525e-06,9.723188901382721e-09,-0.0006486127480843093,303.0415771740523,0.03680096329034449
4.310125e-06,9.723188901382721e-09,-0.0006761281529989334,304.69441507361705,0.03680096329034449
5.52563125e-06,9.723188901382721e-09,-0.0007096240989504898,306.64086783078426,0.03680096329034449
6.8019128125e-06,9.723188901382721e-09,-0.0007496628732211179,308.8807722530255,0.03680096329034449
8.142008453125e-06,9.723188901382721e-09,-0.0007969850290765467,311.41767220424043,0.03680096329034449
9.54910887578125e-06,9.723188901382721e-09,-0.0008525089366696866,314.2574453632585,0.03680096329034449
1.1026564319570314e-05,9.723188901382721e-09,-0.0009173423134103649,317.40752218254113,0.03680096329034449
1.2577892535548829e-05,9.723188901382721e-09,-0.0009928011782198492,320.8763919613595,0.03680096329034449
1.4206787162326272e-05,9.723188901382721e-09,-0.0010803985399628648,324.67176036836867,0.03680096329034449
1.5917126520442588e-05,9.723188901382721e-09,-0.0011819654091499998,328.8043976619931,0.03680096329034449
1.771298284646472e-05,9.723188901382721e-09,-0.0012996072950007462,333.28438816596133,0.03680096329034449
1.9598631988787957e-05,9.723188901382721e-09,-0.001435753584653324,338.12168068571106,0.03680096329034449
2.1578563588227356e-05,9.723188901382721e-09,-0.001593199381509244,343.3261258488349,0.03680096329034449
2.3657491767638723e-05,9.723188901382721e-09,-0.0017751443280236876,348.9073324669821,0.03680096329034449
2.584036635602066e-05,9.723188901382721e-09,-0.001985231143477753,354.8745213949885,0.03680096329034449
2.8132384673821694e-05,9.723188901382721e-09,-0.0022275824810501347,361.236383178544,0.03680096329034449
3.053900390751278e-05,9.723188901382721e-09,-0.002506834215113562,368.00093976824616,0.03680096329034449
3.306595410288842e-05,9.723188901382721e-09,-0.0028281629469249434,375.1754108944373,0.03680096329034449
3.571925180803284e-05,9.723188901382721e-09,-0.003197305267303064,382.766086376962,0.03680096329034449
3.850521439843448e-05,9.723188901382721e-09,-0.003620566166287939,390.7782061685374,0.03680096329034449
4.143047511835621e-05,9.723188901382721e-09,-0.004104813972380238,399.2158502705295,0.03680096329034449
4.4501998874274025e-05,9.723188901382721e-09,-0.004657459376048525,408.0818408442632,0.03680096329034449
4.772709881798773e-05,9.723188901382721e-09,-0.005286416473393329,417.3776589035537,0.03680096329034449
5.111345375888712e-05,9.723188901382721e-09,-0.0060000443712733805,427.1033779459654,0.03680096329034449
5.4669126446831475e-05,9.723188901382721e-09,-0.006807068720318759,437.25761678668124,0.03680096329034449
5.8402582769173055e-05,9.723188901382721e-09,-0.007716483559448715,447.83751371759183,0.03680096329034449
6.232271190763171e-05,9.723188901382721e-09,-0.00873743501293801,458.8387239343868,0.03680096329034449
6.64388475030133e-05,9.723188901382721e-09,-0.009879089604611894,470.25544195649394,0.03680096329034449
7.076078987816397e-05,9.723188901382721e-09,-0.011150491152068263,482.0804505013318,0.03680096329034449
7.529882937207217e-05,9.723188901382721e-09,-0.012560411276315847,494.3051969524898,0.03680096329034449
8.006377084067578e-05,9.723188901382721e-09,-0.014117199408883636,506.9198981650014,0.03680096329034449
8.506695938270958e-05,9.723188901382721e-09,-0.015828638710591356,519.9136738637472,0.03680096329034449
9.032030735184505e-05,387546317.3215031,-66361076842130.766,533.2747083004831,9628225033316.264
9.583632271943731e-05,1907466473.07007,-253143857589449.44,546.9904391346639,32244777969699.67
0.00010162813885540918,7084201795.385364,-828611947529877.8,561.0477716960266,94044790471359.72
0.00010770954579817965,23805609792.81227,-2565529190796043.5,575.4333158870311,260885071734536.7
0.00011409502308808864,75884623666.89534,-7651431561083282.0,590.1336420177051,699867822944146.4
0.00012079977424249307,232902423831.50586,-2.2077405718902356e+16,605.135550874339,1822928075611613.0
0.00012783976295461773,691697925479.5681,-6.170772328793132e+16,620.4263523592257,4615290244431309.0
0.00013523175110234862,1991538483843.3394,-1.671712203729075e+17,635.9941461640619,1.1363534995675136e+16
0.00014299333865746606,5563860072132.854,-4.391582997387498e+17,651.8280972242401,2.7219874276596316e+16
0.00015114300559033938,15091289471679.957,-1.1191951225494486e+18,667.9186982169491,6.345555811413364e+16
0.00015970015586985636,39762699123536.1,-2.7685671052775526e+18,684.2580111808622,1.4403354829489773e+17
0.0001686851636633492,101807098388750.08,-6.649205442129031e+18,700.8398805071593,3.183698735197093e+17
0.00017811942184651667,253264870697160.47,-1.5496454842031778e+19,717.6601101215281,6.849005489121313e+17
0.00018802539293884252,611347527510845.4,-3.496515287458058e+19,734.7165986618148,1.4306522968407585e+18
0.00019802539293884252,1371364647299662.2,-7.361802611598739e+19,751.3621505825663,2.8047870613354506e+18
0.00020802539293884252,2853833590090115.5,-1.4368936127743356e+20,767.4763040923519,5.127904817496973e+18
0.00021802539293884252,5532110612042937.0,-2.595191801317632e+20,783.097913068493,8.723675172561466e+18
0.00022802539293884251,1.0009311507852002e+16,-4.332354345397105e+20,798.2628728014621,1.3790195932625996e+19
0.00023802539293884251,1.696405211696562e+16,-6.713050429806962e+20,813.004135042191,2.0336596515273953e+19
0.0002480253929388425,2.7103282565664092e+16,-9.753846698696247e+20,827.3518351211136,2.8256656096736805e+19
0.00025802539293884254,4.1095990873010056e+16,-1.341141300002914e+21,841.1716497164433,3.73377415765027e+19
0.00026802539293884257,5.960504476193238e+16,-1.7686176959285137e+21,854.5508987760468,4.752824995802758e+19
0.0002780253929388426,8.328822480957995e+16,-2.261111325263896e+21,867.5615442904646,5.888578622492621e+19
0.0002880253929388426,1.1273788949191677e+17,-2.8224013704754516e+21,880.2431793332534,7.14956809406372e+19
0.00029802539293884264,1.483611724302867e+17,-3.4559618210582847e+21,892.6249840773867,8.544956928564501e+19
0.00030802539293884267,1.9018991884105008e+17,-4.1648185399148056e+21,904.7303825814286,1.008416858542602e+20
0.0003180253929388427,2.3762464422101632e+17,-4.951656295680732e+21,916.5789809426751,1.1776812664674851e+20
0.0003280253929388427,2.891642581944771e+17,-5.818958636915569e+21,928.1876059244163,1.3632154501469738e+20
0.00033802539293884275,3.422509166568751e+17,-6.769123949636716e+21,939.5709461225009,1.5657912547131127e+20
0.0003480253929388428,3.934163253648389e+17,-7.804546821545273e+21,950.7419847442743,1.785856312370369e+20
0.0003580253929388428,4.388527596136527e+17,-8.927658234055547e+21,961.7123097221182,2.0233776249504757e+20
0.00036802539293884283,4.752990512254119e+17,-1.0140919894965167e+22,972.4923454323043,2.277785032552451e+20
0.00037802539293884285,5.008674837400663e+17,-1.1446774186859366e+22,983.091531239732,2.548065195064724e+20
0.0003880253929388429,5.15403480387504e+17,-1.2847560067174164e+22,993.5184623599007,2.8329691629227246e+20
0.0003980253929388429,5.202427396784852e+17,-1.4345413074133283e+22,1003.7810031170718,3.1312298322051944e+20
0.00040802539293884293,5.1757350159987475e+17,-1.5942170552058121e+22,1013.8863794504839,3.441697191351109e+20
0.00041802539293884296,5.097512217457147e+17,-1.7639300104373339e+22,1023.841255487172,3.763367956800079e+20
0.000428025392938843,4.988158776718506e+17,-1.94378621375542e+22,1033.6517976621642,4.095347877496148e+20
0.000438025392938843,4.862808069118331e+17,-2.1338509276148843e+22,1043.3237289562542,4.436803145611381e+20
0.00044802539293884304,4.73133065559692e+17,-2.334151856263734e+22,1052.8623751848302,4.7869396665789894e+20
0.00045802539293884306,4.599441375983144e+17,-2.544684761709902e+22,1062.2727048159907,5.145020135366838e+20
0.0004680253929388431,4.470070555427777e+17,-2.765420353705722e+22,1071.559363464548,5.5104070228766635e+20
0.0004780253929388431,4.3445256648103226e+17,-2.996311316094983e+22,1080.7267039629185,5.882610873696307e+20
0.00048802539293884314,4.2232874007082266e+17,-3.2372985044977156e+22,1089.7788127253289,6.261325828095054e+20
0.0004980253929388432,4.1064713564064115e+17,-3.4883156528284524e+22,1098.7195329811902,6.646442666121087e+20
0.0005080253929388432,3.994055880936021e+17,-3.749292285272814e+22,1107.5524853451032,7.038038633362712e+20
0.0005180253929388432,3.885975154916897e+17,-4.020154871879727e+22,1116.2810861064127,7.436349559046224e+20
0.0005280253929388432,3.782147578003799e+17,-4.3008265302075645e+22,1124.9085635546087,7.841732407540495e+20
0.0005380253929388433,3.6824795155923315e+17,-4.591225729113989e+22,1133.4379726038308,8.254626111615545e+20
0.0005480253929388433,3.586906914456503e+17,-4.8920415625789785e+22,1141.8819852809527,8.676774296756373e+20
0.0005580253929388433,3.495253187429459e+17,-5.202378400239602e+22,1150.233141422465,9.107358430658657e+20
0.0005680253929388434,3.4073736951621414e+17,-5.522142301027684e+22,1158.4941793274068,9.546904872151505e+20
0.0005780253929388434,3.3231236487339814e+17,-5.851219796408216e+22,1166.6676006356565,9.995918484788782e+20
0.0005880253929388434,3.242353353821728e+17,-6.189484591502866e+22,1174.7557779492201,1.0454889422793171e+21
0.0005980253929388434,3.164910150195877e+17,-6.536798165319094e+22,1182.7609710612849,1.0924294081220181e+21
0.0006080253929388435,3.090641431738111e+17,-6.893010254404557e+22,1190.6853357285622,1.1404598038850832e+21
0.0006180253929388435,3.0193972262251014e+17,-7.257959551384448e+22,1198.530930638753,1.1896259813160402e+21
0.0006280253929388435,2.9510320211932224e+17,-7.631474568642803e+22,1206.2997235542007,1.2399734337484809e+21
0.0006380253929388435,2.885405883879693e+17,-8.013374579706208e+22,1213.993596897633,1.2915475520452218e+21
0.0006480253929388436,2.8223850253908058e+17,-8.403470566865201e+22,1221.614352888171,1.344393764164854e+21
0.0006580253929388436,2.7618419721179622e+17,-8.801566128141026e+22,1229.163718283277,1.398557561635634e+21
0.0006680253929388436,2.7036554864003082e+17,-9.207458320304786e+22,1236.643348767719,1.4540844327855808e+21
0.0006780253929388436,2.6477103460235485e+17,-9.620938432378734e+22,1244.0548330223808,1.5110197296580038e+21
0.0006880253929388437,2.5938970593354083e+17,-1.0041792695342601e+23,1251.3996964996068,1.5694084959610245e+21
0.0006980253929388437,2.5421115648084896e+17,-1.0469802940094053e+23,1258.6794049310286,1.629295279977191e+21
0.0007080253929388437,2.4922549425791827e+17,-1.0904747217328833e+23,1265.8953675895564,1.6907239511001439e+21
0.0007180253929388437,2.4442331507186442e+17,-1.1346400392253527e+23,1273.0489403262804,1.7537375331709454e+21
0.0007280253929388438,2.3979567896396182e+17,-1.1794534724448807e+23,1280.1414284002722,1.8183780627941467e+21
0.0007380253929388438,2.3533408927574573e+17,-1.22489204402264e+23,1287.1740891185661,1.8846864767726366e+21
0.0007480253929388438,2.3103047390135478e+17,-1.2709326301455231e+23,1294.1481343007545,1.9527025296926594e+21
0.0007580253929388439,2.2687716821276048e+17,-1.317552017230282e+23,1301.0647325832024,2.0224647405558531e+21
0.0007680253929388439,2.2286689916964672e+17,-1.3647269582617215e+23,1307.9250115742998,2.0940103658700286e+21
0.0007780253929388439,2.1899277020243546e+17,-1.4124342285189126e+23,1314.7300598728295,2.1673753958092885e+21
0.0007880253929388439,2.1524824655110784e+17,-1.460650680282698e+23,1321.480928959975,2.2425945696415538e+21
0.000798025392938844,2.116271408364411e+17,-1.5093532960459912e+23,1328.1786349745666,2.319701406542316e+21
0.000808025392938844,2.081235987236551e+17,-1.5585192397022177e+23,1334.8241603794302,2.3987282480304845e+21
0.000818025392938844,2.047320846083882e+17,-1.608125905241803e+23,1341.4184555284598,2.479706308620525e+21
0.000828025392938844,2.0144736730730755e+17,-1.6581509624528006e+23,1347.9624401397423,2.5626657315634817e+21
0.0008380253929388441,1.9826450577566336e+17,-1.7085723992468385e+23,1354.4570046830343,2.647635647071467e+21
0.0008480253929388441,1.9517883489931075e+17,-1.7593685602509897e+23,1360.9030116867189,2.734644230781182e+21
0.0008580253929388441,1.9218595142454928e+17,-1.810518181414466e+23,1367.3012969703375,2.823718760678515e+21
0.0008680253929388441,1.892817000958537e+17,-1.8620004204468066e+23,1373.6526708075683,2.9148856710813896e+21
0.0008780253929388442,1.8646216007228864e+17,-1.913794882997878e+23,1379.9579190246316,3.008170602656139e+21
0.0008880253929388442,1.8372363168927046e+17,-1.9658816445604638e+23,1386.2178040382803,3.103598447748854e+21
0.0008980253929388442,1.8106262362534112e+17,-2.018241268154653e+23,1392.4330658374283,3.201193390597176e+21
0.0009080253929388442,1.784758405247576e+17,-2.0708548179246947e+23,1398.6044229123795,3.300978942228827e+21
0.0009180253929388443,1.7596017111668022e+17,-2.1237038688175527e+23,1404.7325731345413,3.4029779700168083e+21
0.0009280253929388443,1.7351267686203405e+17,-2.1767705125857917e+23,1410.8181945903739,3.50721272205281e+21
0.0009380253929388443,1.7113058114917642e+17,-2.230037360369175e+23,1416.8619463719908,3.6137048465789e+21
0.0009480253929388443,1.68811259050751e+17,-2.2834875421599422e+23,1422.8644693275762,3.722475406838589e+21
0.0009580253929388444,1.6655222764583203e+17,-2.337104703455461e+23,1428.826386773773,3.833544891737951e+21
0.0009680253929388444,1.6435113690451168e+17,-2.3908729994241883e+23,1434.7483051725392,3.9469332227624115e+21
0.0009780253929388444,1.6220576112598326e+17,-2.4447770868998172e+23,1440.6308147742877,4.0626597575921453e+21
0.0009880253929388445,1.601139909164866e+17,-2.4988021145481702e+23,1446.47449023031,4.180743290914748e+21
0.0009980253929388445,1.580738256889187e+17,-2.5529337114675057e+23,1452.2798911745447,4.301202052807321e+21
0.0010080253929388445,1.5608336666379203e+17,-2.60715797458086e+23,1458.0475627789178,4.4240537052197856e+21
0.0010180253929388445,1.541408103478659e+17,-2.6614614550180462e+23,1463.7780362810379,4.5493153368373393e+21
0.0010280253929388446,1.5224444246639702e+17,-2.715831143804281e+23,1469.471829488167,4.677003456793677e+21
0.0010380253929388446,1.5039263232329114e+17,-2.770254457047359e+23,1475.1294472575314,4.807133987509171e+21
0.0010480253929388446,1.485838275634505e+17,-2.824719220836287e+23,1480.7513819546136,4.939722256964178e+21
0.0010580253929388446,1.4681654931165955e+17,-2.8792136560327313e+23,1486.3381138907275,5.074782990670574e+21
0.0010680253929388447,1.4508938766279453e+17,-2.933726363113085e+23,1491.8901117411006,5.212330303570607e+21
0.0010780253929388447,1.4340099749873208e+17,-2.9882463071722584e+23,1497.4078329438346,5.352377692017733e+21
0.0010880253929388447,1.4175009460866734e+17,-3.0427628032415905e+23,1502.8917240821888,5.494938026071115e+21
0.0010980253929388447,1.4013545209007808e+17,-3.097265501964783e+23,1508.342221249588,5.640023542156202e+21
0.0011080253929388448,1.3855589700920754e+17,-3.151744375724519e+23,1513.7597503989773,5.787645836231155e+21
0.0011180253929388448,1.3701030730105808e+17,-3.206189705276431e+23,1519.144727677443,5.93781585754492e+21
0.0011280253929388448,1.3549760889009714e+17,-3.260592066919132e+23,1524.4975597465323,6.090543903027658e+21
0.0011380253929388448,1.3401677301426917e+17,-3.314942320235813e+23,1529.8186440893226,6.245839612372193e+21
0.0011480253929388449,1.3256681373603982e+17,-3.369231596405939e+23,1535.108369304401,6.403711963802818e+21
0.001158025392938845,1.3114678562564013e+17,-3.42345128712103e+23,1540.3671153883176,6.564169270596862e+21
0.001168025392938845,1.2975578160254194e+17,-3.477593034069322e+23,1545.5952540060905,6.727219178302446e+21
0.001178025392938845,1.283929309225341e+17,-3.531648718991436e+23,1550.7931487507033,6.892868662665021e+21
0.001188025392938845,1.270573972988372e+17,-3.585610454309614e+23,1555.9611553926359,7.061124028281588e+21
0.001198025392938845,1.2574837714649803e+17,-3.639470574295344e+23,1561.0996221194237,7.231990907932637e+21
0.001208025392938845,1.2446509794026507e+17,-3.693221626743274e+23,1566.208889765402,7.405474262546592e+21
0.001218025392938845,1.2320681667716256e+17,-3.7468563651566905e+23,1571.2892920329407,7.58157838182587e+21
0.001228025392938845,1.2197281843552874e+17,-3.8003677414005e+23,1576.341155705018,7.760306885469587e+21
0.0012380253929388451,1.2076241502310878e+17,-3.853748898799949e+23,1581.364800849649,7.941662724970337e+21
0.0012480253929388451,1.195749443656865e+17,-3.906993158825969e+23,1586.3605410164369,8.125648209169085e+21
0.0012580253929388452,1.1840976672269541e+17,-3.9600940478289256e+23,1591.328683425857,8.312264921192792e+21
0.0012680253929388452,1.1726626737346107e+17,-4.013045233118869e+23,1596.2695291515765,8.5015138395331e+21
0.0012780253929388452,1.1614385308307773e+17,-4.06584056286056e+23,1601.1833732956711,8.693395270978527e+21
0.0012880253929388452,1.1504195170343187e+17,-4.118474048059381e+23,1606.0705051580587,8.887908870999023e+21
0.0012980253929388453,1.1396001123370965e+17,-4.1709398577114544e+23,1610.9312083989205,9.085053648037017e+21
0.0013080253929388453,1.1289749893146744e+17,-4.223232314335208e+23,1615.76576119604,9.284827968485273e+21
0.0013180253929388453,1.118539004727556e+17,-4.2753458897501134e+23,1620.5744363959732,9.487229562008898e+21
0.0013280253929388453,1.1082871915774458e+17,-4.327275201109732e+23,1625.3575016602813,9.692255527227609e+21
0.0013380253929388454,1.0982147515865875e+17,-4.3790150071360067e+23,1630.115219606118,9.89990233765653e+21
0.0013480253929388454,1.0883170480734933e+17,-4.4305602045724376e+23,1634.8478479423159,1.011016584795787e+22
0.0013580253929388454,1.0785895991988515e+17,-4.4819058248258206e+23,1639.5556396007712,1.032304130045175e+22
0.0013680253929388455,1.0690280715574349e+17,-4.533047030763604e+23,1644.238842862831,1.0538523331823642e+22
0.0013780253929388455,1.0596282740955974e+17,-4.583979113696258e+23,1648.8977014820093,1.07566059801072e+22
0.0013880253929388455,1.0503861523326605e+17,-4.634697490483808e+23,1653.5324548019328,1.0977282691815243e+22
0.0013980253929388455,1.041297782868973e+17,-4.685197700800606e+23,1658.1433378708832,1.1200546329306646e+22
0.0014080253929388456,1.0323593681621472e+17,-4.7354754045060134e+23,1662.7305815520153,1.1426389178277666e+22
0.0014180253929388456,1.0235672315565608e+17,-4.78552637914718e+23,1667.2944126303369,1.165480295544675e+22
0.0014280253929388456,1.0149178125504981e+17,-4.835346517558538e+23,1671.8350539159203,1.188577881635756e+22
0.0014380253929388456,1.0064076622875686e+17,-4.884931825562995e+23,1676.3527243438298,1.2119307363317954e+22
0.0014480253929388457,9.980334392594392e+16,-4.934278419762183e+23,1680.8476390707704,1.2355378653451413e+22
0.0014580253929388457,9.897919052080846e+16,-4.98338252541462e+23,1685.3200095687343,1.259398220686285e+22
0.0014680253929388457,9.816799212162202e+16,-5.032240474385974e+23,1689.7700437155365,1.2835107014885945e+22
0.0014780253929388457,9.736944439757293e+16,-5.0808487031735874e+23,1694.1979458825513,1.3078741548420389e+22
0.0014880253929388458,9.658325222242368e+16,-5.1292037509935e+23,1698.6039170196107,1.3324873766333688e+22
0.0014980253929388458,9.580912933410402e+16,-5.1773022579345584e+23,1702.9881547374036,1.3573491123943262e+22
0.0015080253929388458,9.504679800935525e+16,-5.225140963162778e+23,1707.3508533871754,1.3824580581537419e+22
0.0015180253929388458,9.42959887526541e+16,-5.2727167031777406e+23,1711.6922041379696,1.4078128612942895e+22
0.0015280253929388459,9.355643999868389e+16,-5.320026410124709e+23,1716.0123950516913,1.4334121214150447e+22
0.001538025392938846,9.282789782760958e+16,-5.367067110137933e+23,1720.311611155563,1.459254391193546e+22
0.001548025392938846,9.211011569256334e+16,-5.4138359217397775e+23,1724.5900345127368,1.485338177254003e+22
0.001558025392938846,9.140285415867312e+16,-5.460330054269132e+23,1728.8478442905698,1.5116619410347678e+22
0.001568025392938846,9.070588065308283e+16,-5.506546806350317e+23,1733.0852168269726,1.5382240996580013e+22
0.001578025392938846,9.001896922540864e+16,-5.552483564393078e+23,1737.302325694742,1.5650230267992055e+22
0.001588025392938846,8.934190031811496e+16,-5.5981378011216776e+23,1741.499341763946,1.5920570535558806e+22
0.001598025392938846,8.867446054635363e+16,-5.64350707414231e+23,1745.6764332627026,1.6193244693181122e+22
0.001608025392938846,8.80164424867692e+16,-5.688589024528895e+23,1749.8337658359853,1.6468235226354e+22
0.001618025392938846,8.736764447485933e+16,-5.733381375432555e+23,1753.971502602676,1.674552422081076e+22
0.0016280253929388461,8.67278704105191e+16,-5.777881930732402e+23,1758.0898042113872,1.7025093371195304e+22
0.0016380253929388462,8.609692957131043e+16,-5.822088573688054e+23,1762.1888288941993,1.7306923989647372e+22
0.0016480253929388462,8.547463643316787e+16,-5.865999265628878e+23,1766.2687325192255,1.7590997014400645e+22
0.0016580253929388462,8.486081049814614e+16,-5.909612044653693e+23,1770.3296686414644,1.7877293018317494e+22
0.0016680253929388462,8.425527612892291e+16,-5.952925024357723e+23,1774.3717885524056,1.8165792217408322e+22
0.0016780253929388463,8.36578623897337e+16,-5.995936392579792e+23,1778.3952413282977,1.8456474479315338e+22
0.0016880253929388463,8.306840289343211e+16,-6.0386444101585906e+23,1782.4001738768802,1.8749319331725164e+22
0.0016980253929388463,8.248673565442496e+16,-6.081047409710564e+23,1786.3867309829334,1.904430597074702e+22
0.0017080253929388463,8.191270294721941e+16,-6.123143794428967e+23,1790.3550553526936,1.934141326925586e+22
0.0017180253929388464,8.134615117031293e+16,-6.164932036891597e+23,1794.3052876569027,1.9640619785159996e+22
0.0017280253929388464,8.078693071522114e+16,-6.206410677892281e+23,1798.2375665728837,1.9941903769639485e+22
0.0017380253929388464,8.023489584038114e+16,-6.247578325274659e+23,1802.1520288252061,2.0245243175286996e+22
0.0017480253929388464,7.96899045497673e+16,-6.288433652795162e+23,1806.0488092255991,2.055061566423567e+22
0.0017580253929388465,7.9151818475977e+16,-6.328975398991624e+23,1809.9280407116185,2.085799861619763e+22
0.0017680253929388465,7.862050276761414e+16,-6.369202366068446e+23,1813.78985438436,2.1167369136448213e+22
0.0017780253929388465,7.809582598078021e+16,-6.409113418791802e+23,1817.6343795451048,2.1478704063732777e+22
0.0017880253929388466,7.757765997451568e+16,-6.448707483406962e+23,1821.4617437312158,2.179197997813611e+22
0.0017980253929388466,7.706587980999197e+16,-6.487983546552586e+23,1825.2720727507444,2.2107173208829645e+22
0.0018080253929388466,7.65603636533549e+16,-6.526940654211982e+23,1829.06549071669,2.2424259841829504e+22
0.0018180253929388466,7.606099268199976e+16,-6.565577910652448e+23,1832.842120079839,2.2743215727601774e+22
0.0018280253929388467,7.556765099419163e+16,-6.60389447739209e+23,1836.6020816611035,2.306401648864462e+22
0.0018380253929388467,7.508022552186877e+16,-6.641889572173882e+23,1840.3454946829281,2.338663752698092e+22
0.0018480253929388467,7.459860594650629e+16,-6.679562467953059e+23,1844.0724767999402,2.3711054031580102e+22
0.0018580253929388467,7.412268461792042e+16,-6.716912491900141e+23,1847.7831441289131,2.4037240985717463e+22
0.0018680253929388468,7.365235647587376e+16,-6.753939024403305e+23,1851.477611277704,2.4365173174212485e+22
0.0018780253929388468,7.318751897441296e+16,-6.79064149810157e+23,1855.1559913739013,2.469482519065842e+22
0.0018880253929388468,7.272807200878453e+16,-6.827019396915492e+23,1858.8183960924534,2.5026171444523094e+22
0.0018980253929388468,7.227391784485406e+16,-6.86307225509493e+23,1862.4649356827438,2.535918616819178e+22
0.0019080253929388469,7.18249610509203e+16,-6.898799656275868e+23,1866.0957189949518,2.5693843423921783e+22
0.001918025392938847,7.138110843183793e+16,-6.934201232551617e+23,1869.7108535058399,2.6030117110728565e+22
0.001928025392938847,7.0942268965352776e+16,-6.969276663553856e+23,1873.310445343888,2.636798097118719e+22
0.001938025392938847,7.050835374057216e+16,-7.004025675548634e+23,1876.8945993139066,2.670740859816739e+22
0.001948025392938847,7.0079275898472984e+16,-7.038448040536663e+23,1880.4634189209114,2.7048373441462557e+22
0.0019580253929388468,6.965495057438954e+16,-7.072543575372196e+23,1884.0170063935923,2.7390848814366195e+22
0.001968025392938847,6.9235294842390376e+16,-7.106312140887754e+23,1887.5554627071178,2.7734807900148296e+22
0.001978025392938847,6.8820227661481656e+16,-7.139753641033876e+23,1891.078887605487,2.808022375846591e+22
0.001988025392938847,6.8409669823562776e+16,-7.172868022026723e+23,1894.587379623294,2.8427069331681395e+22
0.001998025392938847,6.800354390307782e+16,-7.20565527151269e+23,1898.0810361071194,2.8775317451123806e+22
0.002008025392938847,6.760177420828354e+16,-7.238115417735777e+23,1901.559953236251,2.9124940843237713e+22
0.002018025392938847,6.720428673408882e+16,-7.270248528720157e+23,1905.0242260430205,2.947591213566887e+22
0.002028025392938847,6.681100911640502e+16,-7.302054711465786e+23,1908.4739484327276,2.9828203863278654e+22
0.002038025392938847,6.642187058794651e+16,-7.333534111152543e+23,1911.9092132030632,3.0181788474069943e+22
0.002048025392938847,6.6036801935428e+16,-7.364686910351682e+23,1915.3301120630183,3.0536638335018454e+22
0.002058025392938847,6.565573545812204e+16,-7.395513328257843e+23,1918.7367356515858,3.089272573786717e+22
0.002068025392938847,6.527860492770499e+16,-7.426013619921256e+23,1922.1291735558186,3.125002290479673e+22
0.002078025392938847,6.490534554935903e+16,-7.456188075491876e+23,1925.5075143285142,3.1608501994023383e+22
0.002088025392938847,6.453589392409612e+16,-7.486037019486304e+23,1928.8718455057779,3.1968135105370556e+22
0.002098025392938847,6.4170188012226104e+16,-7.515560810045085e+23,1932.2222536237653,3.2328894285676607e+22
0.002108025392938847,6.380816709797367e+16,-7.544759838223099e+23,1935.558824235552,3.2690751534223147e+22
0.002118025392938847,6.344977175515231e+16,-7.573634527264508e+23,1938.8816419270763,3.3053678807973857e+22
0.0021280253929388472,6.309494381391251e+16,-7.602185331912575e+23,1942.1907903332726,3.3417648026843567e+22
0.0021380253929388473,6.274362632848411e+16,-7.630412737716163e+23,1945.4863521535672,3.378263107883298e+22
0.0021480253929388473,6.2395763545896664e+16,-7.658317260348794e+23,1948.7684091670947,3.414859982509731e+22
0.0021580253929388473,6.2051300875641384e+16,-7.685899444937413e+23,1952.0370422475844,3.451552610493853e+22
0.0021680253929388473,6.1710184860239864e+16,-7.713159865400065e+23,1955.292331377906,3.4883381740716975e+22
0.0021780253929388474,6.137236314669796e+16,-7.740099123800283e+23,1958.5343556644625,3.5252138542720774e+22
0.0021880253929388474,6.103778445879602e+16,-7.766717849700959e+23,1961.763193351053,3.562176831391307e+22
0.0021980253929388474,6.070639857020686e+16,-7.793016699536507e+23,1964.978921832636,3.5992242854646314e+22
0.0022080253929388474,6.037815627839934e+16,-7.818996355989758e+23,1968.1816176686998,3.6363533967279553e+22
0.0022180253929388475,6.0053009379309736e+16,-7.84465752738167e+23,1971.3713565964285,3.6735613460740148e+22
0.0022280253929388475,5.973091064274446e+16,-7.870000947063269e+23,1974.5482135434402,3.710845315497896e+22
0.0022380253929388475,5.941181378851075e+16,-7.89502737283181e+23,1977.712262640586,3.7482024885423643e+22
0.0022480253929388475,5.9095673463219464e+16,-7.919737586337394e+23,1980.8635772340833,3.785630050727311e+22
0.0022580253929388476,5.878244521776834e+16,-7.94413239251255e+23,1984.0022298976992,3.823125189978712e+22
0.0022680253929388476,5.847208548546571e+16,-7.968212619006381e+23,1987.12829244459,3.8606850970483436e+22
0.0022780253929388476,5.816455156078022e+16,-7.991979115629716e+23,1990.241835938952,3.898306965927791e+22
0.0022880253929388476,5.78598015786865e+16,-8.015432753801322e+23,1993.3429307072622,3.9359879942515706e+22
0.0022980253929388477,5.755779449460515e+16,-8.03857442601403e+23,1996.4316463495404,3.97372538369899e+22
0.0023080253929388477,5.7258490064900744e+16,-8.061405045302359e+23,1999.5080517502304,4.011516340385728e+22
0.0023180253929388477,5.69618488279288e+16,-8.083925544721325e+23,2002.5722150889242,4.049358075250003e+22
0.0023280253929388478,5.666783208561168e+16,-8.106136876834003e+23,2005.6242038508797,4.087247804432242e+22
0.0023380253929388478,5.637640188552529e+16,-8.128040013206132e+23,2008.6640848373042,4.125182749647523e+22
0.002348025392938848,5.608752100348108e+16,-8.149635943908472e+23,2011.691924175425,4.163160138551217e+22
0.002358025392938848,5.5801152926589336e+16,-8.170925677028747e+23,2014.7077873283918,4.20117720509885e+22
0.002368025392938848,5.551726183678733e+16,-8.191910238192929e+23,2017.7117391050188,4.239231189900206e+22
0.002378025392938848,5.523581259481675e+16,-8.212590670092622e+23,2020.7038436692972,4.277319340566284e+22
0.002388025392938848,5.495677072463733e+16,-8.232968032021535e+23,2023.6841645497489,4.315438912050333e+22
0.002398025392938848,5.468010239826051e+16,-8.25304339941686e+23,2026.6527646485417,4.353587166981404e+22
0.002408025392938848,5.440577442099489e+16,-8.272817863411788e+23,2029.609706250502,4.391761375993336e+22
0.002418025392938848,5.4133754217088856e+16,-8.292292530396373e+23,2032.555051031977,4.429958818048253e+22
0.002428025392938848,5.3864009815753784e+16,-8.311468521582292e+23,2035.4888600694499,4.46817678075195e+22
0.002438025392938848,5.359650983756153e+16,-8.330346972576334e+23,2038.4111938480212,4.506412560664109e+22
0.002448025392938848,5.333122348120397e+16,-8.348929032964391e+23,2041.3221122698017,4.544663463604203e+22
0.002458025392938848,5.306812051059796e+16,-8.367215865895307e+23,2044.2216746619886,4.5829268049477205e+22
0.002468025392938848,5.2807171242336584e+16,-8.385208647682091e+23,2047.1099397850153,4.621199909921979e+22
0.002478025392938848,5.2548346533464104e+16,-8.402908567403675e+23,2049.986965840413,4.659480113892881e+22
0.002488025392938848,5.229161776956785e+16,-8.420316826509858e+23,2052.852810478438,4.697764762643709e+22
0.002498025392938848,5.203695685318611e+16,-8.437434638442442e+23,2055.707530805772,4.736051212653621e+22
0.0025080253929388482,5.17843361925134e+16,-8.454263228259982e+23,2058.551183393009,4.7743368313688205e+22
0.0025180253929388483,5.1533728690394056e+16,-8.470803832264358e+23,2061.383824281905,4.812618997465502e+22
0.0025280253929388483,5.128510773360003e+16,-8.487057697636669e+23,2064.205508992551,4.8508951011089206e+22
0.0025380253929388483,5.1038447182387384e+16,-8.503026082086546e+23,2067.0162925305763,4.889162544211015e+22
0.0025480253929388483,5.0793721360309576e+16,-8.518710253493511e+23,2069.816229393904,4.927418740674576e+22
0.0025580253929388484,5.0550905044298664e+16,-8.534111489569463e+23,2072.605373579713,4.9656611166405595e+22
0.0025680253929388484,5.030997345499146e+16,-8.549231077518582e+23,2075.383778591086,5.00388711072526e+22
0.0025780253929388484,5.00709022472985e+16,-8.564070313702985e+23,2078.1514974435286,5.0420941742520565e+22
0.0025880253929388484,4.983366750121557e+16,-8.578630503322634e+23,2080.9085826715573,5.080279771482828e+22
0.0025980253929388485,4.959824571285585e+16,-8.592912960089372e+23,2083.6550863349134,5.118441379837525e+22
0.0026080253929388485,4.93646137857128e+16,-8.606919005917044e+23,2086.391060024889,5.156576490114619e+22
0.0026180253929388485,4.913274902213548e+16,-8.620649970612706e+23,2089.116554870447,5.194682606704069e+22
0.0026280253929388485,4.89026291150146e+16,-8.634107191573179e+23,2091.8316215442246,5.2327572477950676e+22
0.0026380253929388486,4.867423213967238e+16,-8.64729201348719e+23,2094.5363102684314,5.270797945578969e+22
0.0026480253929388486,4.844753654595409e+16,-8.660205788046606e+23,2097.2306708207284,5.308802246449717e+22
0.0026580253929388486,4.8222521150509416e+16,-8.672849873660448e+23,2099.9147525399517,5.346767711197913e+22
0.0026680253929388486,4.799916512926018e+16,-8.685225635170849e+23,2102.588604331656,5.38469191519809e+22
0.0026780253929388487,4.7777448010054104e+16,-8.697334443580237e+23,2105.252274673701,5.42257244859513e+22
0.0026880253929388487,4.7557349665494344e+16,-8.709177675783106e+23,2107.9058116217316,5.460406916485805e+22
0.0026980253929388487,4.73388503059379e+16,-8.720756714296134e+23,2110.549262814415,5.498192939091464e+22
0.0027080253929388487,4.712193047266607e+16,-8.732072947001149e+23,2113.1826754787608,5.5359281519312725e+22
0.0027180253929388488,4.690657103121669e+16,-8.743127766891863e+23,2115.806096435333,5.573610205990402e+22
0.002728025392938849,4.669275316487189e+16,-8.753922571821368e+23,2118.4195721032843,5.6112367678811825e+22
0.002738025392938849,4.648045836829928e+16,-8.764458764251888e+23,2121.023148505237,5.648805519998172e+22
0.002748025392938849,4.62696684413514e+16,-8.774737751024647e+23,2123.6168712724493,5.686314160679278e+22
0.002758025392938849,4.606036548299876e+16,-8.784760943114485e+23,2126.200785649435,5.723760404349456e+22
0.002768025392938849,4.58525318854142e+16,-8.794529755403865e+23,2128.774936498847,5.761141981670032e+22
0.002778025392938849,4.564615032818944e+16,-8.804045606453847e+23,2131.3393683061154,5.798456639679184e+22
0.002788025392938849,4.544120377268823e+16,-8.813309918281275e+23,2133.894125184044,5.835702141929258e+22
0.002798025392938849,4.523767545652844e+16,-8.822324116139427e+23,2136.4392508773176,5.872876268619687e+22
0.002808025392938849,4.503554888819408e+16,-8.8310896283065e+23,2138.974788767015,5.909976816728191e+22
0.002818025392938849,4.4834807841768456e+16,-8.839607885875155e+23,2141.5007818749814,5.947001600136151e+22
0.002828025392938849,4.46354363517873e+16,-8.847880322544008e+23,2144.0172728680777,5.983948449748473e+22
0.002838025392938849,4.443741870821205e+16,-8.85590837442016e+23,2146.524304062523,6.0208152136143885e+22
0.002848025392938849,4.4240739451515224e+16,-8.863693479820976e+23,2149.021917428063,6.0575997570413136e+22
0.002858025392938849,4.4045383367875256e+16,-8.871237079076279e+23,2151.510154591985,6.094299962702547e+22
0.002868025392938849,4.385133548448336e+16,-8.878540614342682e+23,2153.9890568432675,6.1309137307469015e+22
0.002878025392938849,4.3658581064952904e+16,-8.885605529416109e+23,2156.4586651365253,6.16743897890085e+22
0.0028880253929388492,4.346710560483361e+16,-8.892433269551177e+23,2158.9190200959797,6.203873642569324e+22
0.0028980253929388492,4.327689482722269e+16,-8.89902528127986e+23,2161.3701620192533,6.240215674929814e+22
0.0029080253929388493,4.3087934678476984e+16,-8.905383012239572e+23,2163.812130881244,6.276463047026975e+22
0.0029180253929388493,4.290021132401625e+16,-8.91150791099789e+23,2166.24496633778,6.312613747859075e+22
0.0029280253929388493,4.271371114422277e+16,-8.917401426888613e+23,2168.6687077294005,6.348665784466263e+22
0.0029380253929388494,4.252842073042779e+16,-8.923065009844159e+23,2171.0833940849097,6.3846171820106986e+22
0.0029480253929388494,4.234432688098837e+16,-8.92850011023718e+23,2173.489064125021,6.420465983857396e+22
0.0029580253929388494,4.216141659744841e+16,-8.933708178722073e+23,2175.885756265857,6.456210251649328e+22
0.0029680253929388494,4.197967708078253e+16,-8.938690666079174e+23,2178.273508622388,6.491848065378742e+22
0.0029780253929388495,4.179909572772251e+16,-8.943449023064079e+23,2180.6523590118604,6.527377523456771e+22
0.0029880253929388495,4.1619660127163e+16,-8.947984700260236e+23,2183.0223449571804,6.562796742779947e+22
0.0029980253929388495,4.144135805664352e+16,-8.952299147933106e+23,2185.383503690205,6.59810385879235e+22
0.0030080253929388495,4.12641774789073e+16,-8.956393815889725e+23,2187.7358721550454,6.633297025546398e+22
0.0030180253929388496,4.1088106538532344e+16,-8.960270153338706e+23,2190.07948701126,6.668374415758944e+22
0.0030280253929388496,4.091313355863279e+16,-8.963929608750855e+23,2192.414384636936,6.703334220862094e+22
0.0030380253929388496,4.0739247037635896e+16,-8.967373629733309e+23,2194.7406011319918,6.738174651059486e+22
0.0030480253929388496,4.056643564612067e+16,-8.970603662895035e+23,2197.0581723211485,6.772893935370767e+22
0.0030580253929388497,4.0394688223725576e+16,-8.973621153717553e+23,2199.3671337569162,6.807490321674941e+22
0.0030680253929388497,4.022399377612228e+16,-8.976427546433636e+23,2201.667520722666,6.8419620767549455e+22
0.0030780253929388497,4.005434147205168e+16,-8.979024283904417e+23,2203.9593682355476,6.876307486336059e+22
0.0030880253929388497,3.988572064042125e+16,-8.981412807498915e+23,2206.242711049368,6.910524855121255e+22
0.0030980253929388498,3.971812076746276e+16,-8.983594556977004e+23,2208.51758365744,6.944612506824566e+22
0.00310802539293885,3.955153149395153e+16,-8.985570970379092e+23,2210.7840202954917,6.978568784204803e+22
0.00311802539293885,3.938594261247805e+16,-8.987343483909347e+23,2213.0420549443256,7.012392049089716e+22
0.00312802539293885,3.922134406478011e+16,-8.988913531829175e+23,2215.2917213326155,7.046080682403498e+22
0.00313802539293885,3.9057725939127624e+16,-8.990282546350101e+23,2217.5330529395965,7.0796330841893105e+22
0.00314802539293885,3.889507846776181e+16,-8.991451957530228e+23,2219.7660829977476,7.113047673630097e+22
0.00315802539293885,3.873339202438534e+16,-8.992423193171524e+23,2221.990844495397,7.146322889065815e+22
0.00316802539293885,3.857265712170408e+16,-8.993197678718657e+23,2224.207370179269,7.179457188007376e+22
0.00317802539293885,3.8412864409018744e+16,-8.993776837163497e+23,2226.4156925570837,7.212449047150766e+22
0.00318802539293885,3.8254004669865144e+16,-8.994162088949355e+23,2228.615843900054,7.245296962386898e+22
0.00319802539293885,3.809606881970193e+16,-8.994354851879048e+23,2230.807856245395,7.277999448810348e+22
0.00320802539293885,3.7939047903643304e+16,-8.99435654102183e+23,2232.9917613987113,7.310555040722826e+22
0.00321802539293885,3.778293309423856e+16,-8.99416856862478e+23,2235.1675909364076,7.342962291636402e+22
0.00322802539293885,3.762771568929637e+16,-8.993792344029749e+23,2237.335376208163,7.375219774277228e+22
0.00323802539293885,3.747338710974934e+16,-8.993229273583422e+23,2239.4951483391355,7.407326080579588e+22
0.00324802539293885,3.731993889756396e+16,-8.992480760558805e+23,2241.6469382323835,7.439279821685454e+22
0.00325802539293885,3.716736271369044e+16,-8.991548205073654e+23,2243.7907765711193,7.471079627937743e+22
0.0032680253929388502,3.701565033605163e+16,-8.990433004009036e+23,2245.926693820892,7.502724148869775e+22
0.0032780253929388502,3.6864793657574104e+16,-8.989136550937052e+23,2248.0547202319226,7.534212053198666e+22
0.0032880253929388503,3.671478468425483e+16,-8.987660236041918e+23,2250.174885841191,7.56554202880952e+22
0.0032980253929388503,3.656561553326694e+16,-8.986005446048238e+23,2252.2872204746313,7.596712782741783e+22
0.0033080253929388503,3.641727843110323e+16,-8.984173564151169e+23,2254.3917537493016,7.627723041174043e+22
0.0033180253929388503,3.626976571175228e+16,-8.9821659699437e+23,2256.488515075405,7.658571549402329e+22
0.0033280253929388504,3.612306981491394e+16,-8.979984039352469e+23,2258.577533658456,7.689257071822584e+22
0.0033380253929388504,3.5977183284245456e+16,-8.977629144568435e+23,2260.658838501246,7.719778391905087e+22
0.0033480253929388504,3.5832098765643464e+16,-8.975102653984363e+23,2262.7324584059106,7.750134312171309e+22
0.0033580253929388505,3.5687809005558004e+16,-8.972405932131092e+23,2264.798421975899,7.780323654166596e+22
0.0033680253929388505,3.5544306849338428e+16,-8.969540339616959e+23,2266.856757617956,7.810345258431942e+22
0.0033780253929388505,3.5401585239611252e+16,-8.9665072330674e+23,2268.9074935440412,7.840197984473005e+22
0.0033880253929388505,3.5259637214688136e+16,-8.963307965067582e+23,2270.9506577732623,7.869880710728266e+22
0.0033980253929388506,3.511845590700466e+16,-8.959943884105879e+23,2272.9862781337624,7.899392334534972e+22
0.0034080253929388506,3.4978034541587572e+16,-8.956416334518313e+23,2275.014382264576,7.92873177209277e+22
0.0034180253929388506,3.4838366434551584e+16,-8.952726656436102e+23,2277.0349976174925,7.957897958426933e+22
0.0034280253929388506,3.469944499162321e+16,-8.948876185731484e+23,2279.048151458823,7.986889847347144e+22
0.0034380253929388507,3.4561263706693644e+16,-8.944866253969298e+23,2281.0538708712525,8.015706411408334e+22
0.0034480253929388507,3.4423816160397316e+16,-8.940698188356712e+23,2283.0521827555817,8.044346641866992e+22
0.0034580253929388507,3.4287096018717064e+16,-8.936373311695342e+23,2285.0431138324784,8.07280954863674e+22
0.0034680253929388507,3.415109703161533e+16,-8.931892942334941e+23,2287.02669064421,8.101094160242362e+22
0.0034780253929388508,3.401581303169006e+16,-8.92725839412701e+23,2289.0029395563124,8.129199523771178e+22
0.003488025392938851,3.3881237932856544e+16,-8.92247097638349e+23,2290.9718867593474,8.157124704825984e+22
0.003498025392938851,3.374736572905123e+16,-8.917531993831069e+23,2292.9335582704775,8.184868787471556e+22
0.003508025392938851,3.361419049296114e+16,-8.912442746570879e+23,2294.887979935139,8.212430874183203e+22
0.003518025392938851,3.3481706374776376e+16,-8.907204530040894e+23,2296.835177428729,8.239810085795318e+22
0.003528025392938851,3.3349907600963036e+16,-8.901818634971978e+23,2298.775176258068,8.26700556144124e+22
0.003538025392938851,3.3218788473061176e+16,-8.896286347353732e+23,2300.70800176308,8.294016458500015e+22
0.003548025392938851,3.3088343366503092e+16,-8.890608948397847e+23,2302.6336791183503,8.320841952537922e+22
0.003558025392938851,3.295856672945265e+16,-8.884787714501245e+23,2304.5522333346266,8.34748123724767e+22
0.003568025392938851,3.2829453081665704e+16,-8.878823917211919e+23,2306.463689260347,8.373933524387366e+22
0.003578025392938851,3.270099701337106e+16,-8.87271882319502e+23,2308.368071583122,8.400198043717597e+22
0.003588025392938851,3.2573193184171956e+16,-8.866473694203972e+23,2310.2654048313098,8.426274042940693e+22
0.003598025392938851,3.2446036321965556e+16,-8.860089787044924e+23,2312.155713375358,8.45216078763154e+22
0.003608025392938851,3.2319521221883012e+16,-8.853568353549751e+23,2314.0390214293384,8.477857561174004e+22
0.003618025392938851,3.2193642745247828e+16,-8.846910640546298e+23,2315.9153530523554,8.50336366469278e+22
0.003628025392938851,3.20683958185523e+16,-8.840117889829655e+23,2317.784732149939,8.52867841698372e+22
0.003638025392938851,3.194377543245235e+16,-8.833191338135442e+23,2319.6471824754512,8.553801154444145e+22
0.003648025392938851,3.1819776640779892e+16,-8.826132217114204e+23,2321.5027276314772,8.578731231001922e+22
0.0036580253929388512,3.169639455957246e+16,-8.81894175330596e+23,2323.351391071178,8.603468018042771e+22
0.0036680253929388513,3.1573624366119736e+16,-8.811621168115645e+23,2325.1931960996285,8.628010904336196e+22
0.0036780253929388513,3.145146129802657e+16,-8.804171677790097e+23,2327.0281658751505,8.652359295961011e+22
0.0036880253929388513,3.1329900652292788e+16,-8.796594493396133e+23,2328.856323410644,8.676512616229908e+22
0.0036980253929388513,3.1208937784408052e+16,-8.788890820797951e+23,2330.677691574851,8.700470305611328e+22
0.0037080253929388514,3.1088568107463144e+16,-8.781061860637946e+23,2332.4922930936814,8.724231821652961e+22
0.0037180253929388514,3.0968787091275972e+16,-8.773108808315434e+23,2334.3001505514394,8.747796638901085e+22
0.0037280253929388514,3.0849590261533132e+16,-8.765032853968402e+23,2336.1012863920914,8.771164248821065e+22
0.0037380253929388515,3.0730973198945748e+16,-8.756835182456633e+23,2337.8957229205466,8.794334159717592e+22
0.0037480253929388515,3.061293153841959e+16,-8.748516973341064e+23,2339.6834823037807,8.817305896649168e+22
0.0037580253929388515,3.0495460968240084e+16,-8.740079400870685e+23,2341.4645865721463,8.840079001348488e+22
0.0037680253929388515,3.0378557229270164e+16,-8.73152363396472e+23,2343.239057620509,8.862653032136171e+22
0.0037780253929388516,3.0262216114162604e+16,-8.722850836198219e+23,2345.0069172094445,8.885027563836632e+22
0.0037880253929388516,3.0146433466585212e+16,-8.71406216578847e+23,2346.768186966428,8.907202187692622e+22
0.0037980253929388516,3.0031205180459012e+16,-8.70515877557996e+23,2348.522888386944,8.929176511277154e+22
0.0038080253929388516,2.9916527199209412e+16,-8.696141813032821e+23,2350.2710428356636,8.950950158406881e+22
0.0038180253929388517,2.9802395515029996e+16,-8.687012420210118e+23,2352.012671547555,8.972522769053169e+22
0.0038280253929388517,2.9688806168158376e+16,-8.677771733766072e+23,2353.747795628989,8.993893999252313e+22
0.0038380253929388517,2.9575755246164508e+16,-8.668420884936555e+23,2355.4764360588747,9.01506352101659e+22
0.0038480253929388517,2.946323888325046e+16,-8.65896099952722e+23,2357.1986136897012,9.03603102224161e+22
0.0038580253929388518,2.9351253259561936e+16,-8.649393197906136e+23,2358.914349248672,9.056796206616557e+22
0.003868025392938852,2.923979460051141e+16,-8.639718594993455e+23,2360.6236633387275,9.07735879353027e+22
0.003878025392938852,2.912885917611194e+16,-8.629938300252955e+23,2362.3265764395865,9.097718517977506e+22
0.003888025392938852,2.9018443300322856e+16,-8.620053417686065e+23,2364.0231089088365,9.117875130466841e+22
0.003898025392938852,2.890854333040495e+16,-8.610065045824249e+23,2365.7132809829436,9.137828396925076e+22
0.0039080253929388515,2.8799155666287436e+16,-8.599974277721331e+23,2367.3971127782283,9.157578098600721e+22
0.003918025392938851,2.8690276749944548e+16,-8.589782200949558e+23,2369.0746242919317,9.17712403196978e+22
0.003928025392938851,2.8581903064782348e+16,-8.57948989759339e+23,2370.7458354031764,9.196466008637964e+22
0.00393802539293885,2.84740311350361e+16,-8.569098444245283e+23,2372.410765873967,9.215603855244064e+22
0.00394802539293885,2.8366657525176708e+16,-8.558608912000763e+23,2374.069435350139,9.234537413360933e+22
0.003958025392938849,2.8259778839327148e+16,-8.548022366456546e+23,2375.7218633623684,9.253266539398742e+22
0.003968025392938849,2.8153391720688076e+16,-8.537339867704854e+23,2377.3680693270503,9.271791104503253e+22
0.003978025392938849,2.8047492850973236e+16,-8.526562470333578e+23,2379.0080725473163,9.290110994458768e+22
0.003988025392938848,2.7942078949853292e+16,-8.515691223422648e+23,2380.64189221392,9.308226109586242e+22
0.003998025392938848,2.7837146774409148e+16,-8.50472717054323e+23,2382.2695474061807,9.326136364643424e+22
0.004008025392938847,2.773269311859344e+16,-8.493671349755566e+23,2383.8910570928574,9.343841688722084e+22
0.004018025392938847,2.7628714812701344e+16,-8.482524793610482e+23,2385.5064401331156,9.361342025148667e+22
0.004028025392938847,2.752520872284887e+16,-8.471288529147033e+23,2387.1157152773503,9.378637331379447e+22
0.004038025392938846,2.742217175046069e+16,-8.45996357789399e+23,2388.7189011681007,9.39572757889911e+22
0.004048025392938846,2.7319600831764852e+16,-8.448550955870722e+23,2390.3160163409234,9.412612753117294e+22
0.004058025392938845,2.721749293729634e+16,-8.437051673587997e+23,2391.9070792252446,9.429292853264907e+22
0.004068025392938845,2.7115845071407996e+16,-8.425466736050237e+23,2393.4921081452308,9.445767892290222e+22
0.0040780253929388445,2.7014654271789784e+16,-8.413797142757309e+23,2395.0711213206228,9.462037896754428e+22
0.004088025392938844,2.6913917608994436e+16,-8.402043887706647e+23,2396.644136867558,9.478102906725901e+22
0.004098025392938844,2.681363218597192e+16,-8.390207959396268e+23,2398.2111727994006,9.493962975675312e+22
0.004108025392938843,2.671379513761018e+16,-8.378290340828943e+23,2399.7722470275885,9.509618170370843e+22
0.004118025392938843,2.6614403630283732e+16,-8.366292009514989e+23,2401.32737736241,9.525068570771179e+22
0.0041280253929388425,2.6515454861408724e+16,-8.35421393747708e+23,2402.876581513828,9.540314269919898e+22
0.004138025392938842,2.6416946059005264e+16,-8.342057091253765e+23,2404.419877092245,9.555355373837888e+22
0.004148025392938842,2.631887448126646e+16,-8.329822431905215e+23,2405.957281609311,9.570192001417196e+22
0.004158025392938841,2.6221237416134224e+16,-8.317510915018115e+23,2407.488812478696,9.584824284313791e+22
0.004168025392938841,2.6124032180881492e+16,-8.305123490710822e+23,2409.0144870168397,9.599252366839203e+22
0.0041780253929388405,2.6027256121700756e+16,-8.292661103640079e+23,2410.5343224437383,9.6134764058538e+22
0.00418802539293884,2.5930906613299576e+16,-8.280124693006881e+23,2412.048335883689,9.62749657065842e+22
0.00419802539293884,2.5834981058501224e+16,-8.267515192561648e+23,2413.556544365985,9.641313042884339e+22
0.004208025392938839,2.5739476887852736e+16,-8.254833530613783e+23,2415.0589648257383,9.65492601638791e+22
0.004218025392938839,2.5644391559237736e+16,-8.242080630036818e+23,2416.5556141045445,9.668335697139321e+22
0.004228025392938838,2.554972255749626e+16,-8.229257408277288e+23,2418.0465089512477,9.681542303115507e+22
0.004238025392938838,2.545546739404923e+16,-8.216364777360837e+23,2419.5316660225967,9.69454606418867e+22
0.004248025392938838,2.5361623606529868e+16,-8.203403643901765e+23,2421.0111018840003,9.707347222019046e+22
0.004258025392938837,2.5268188758419704e+16,-8.190374909110542e+23,2422.4848330101972,9.719946029944064e+22
0.004268025392938837,2.517516043869074e+16,-8.177279468803774e+23,2423.9528757859885,9.732342752870469e+22
0.004278025392938836,2.508253626145266e+16,-8.164118213412339e+23,2425.415246506899,9.744537667163432e+22
0.004288025392938836,2.499031386560537e+16,-8.150892027990104e+23,2426.8719613798376,9.756531060536271e+22
0.004298025392938836,2.4898490914497124e+16,-8.137601792224085e+23,2428.323036523787,9.768323231941037e+22
0.004308025392938835,2.480706509558749e+16,-8.124248380444349e+23,2429.7684879704743,9.779914491458692e+22
0.004318025392938835,2.471603412011518e+16,-8.110832661633557e+23,2431.2083316650155,9.79130516018833e+22
0.004328025392938834,2.4625395722771664e+16,-8.097355499437285e+23,2432.642583466566,9.802495570137074e+22
0.004338025392938834,2.453514766137848e+16,-8.083817752175847e+23,2434.07125914901,9.81348606411117e+22
0.0043480253929388335,2.444528771657049e+16,-8.070220272852734e+23,2435.4943744015227,9.824276995603153e+22
0.004358025392938833,2.4355813691483044e+16,-8.056563909167604e+23,2436.911944829265,9.834868728683379e+22
0.004368025392938833,2.4266723411444384e+16,-8.042849503525926e+23,2438.3239859539603,9.845261637888146e+22
0.004378025392938832,2.4178014723672136e+16,-8.029077893052546e+23,2439.7305132145866,9.855456108111563e+22
0.004388025392938832,2.4089685496974636e+16,-8.01524990960094e+23,2441.1315419679045,9.865452534492252e+22
0.0043980253929388315,2.400173362145648e+16,-8.001366379766331e+23,2442.5270874891094,9.875251322304423e+22
0.004408025392938831,2.391415700822859e+16,-7.98742812489824e+23,2443.917164972449,9.884852886847927e+22
0.004418025392938831,2.3826953589122332e+16,-7.973435961112076e+23,2445.301789531795,9.894257653337078e+22
0.00442802539293883,2.374012131640803e+16,-7.959390699301801e+23,2446.680976201238,9.903466056790464e+22
0.00443802539293883,2.3653658162517764e+16,-7.945293145151665e+23,2448.054739935638,9.912478541919421e+22
0.0044480253929388295,2.356756211977168e+16,-7.931144099151472e+23,2449.42309561129,9.921295563020872e+22
0.004458025392938829,2.3481831200108828e+16,-7.916944356607088e+23,2450.786058026401,9.929917583863618e+22
0.004468025392938829,2.339646343482204e+16,-7.902694707655599e+23,2452.1436419017327,9.938345077581123e+22
0.004478025392938828,2.331145687429583e+16,-7.888395937277653e+23,2453.495861881119,9.94657852655965e+22
0.004488025392938828,2.322680958774916e+16,-7.874048825311108e+23,2454.8427325320245,9.954618422328542e+22
0.004498025392938827,2.314251966298156e+16,-7.859654146465149e+23,2456.1842683461123,9.962465265451159e+22
0.004508025392938827,2.3058585206122476e+16,-7.845212670334441e+23,2457.5204837397955,9.970119565414998e+22
0.004518025392938827,2.2975004341384788e+16,-7.830725161412548e+23,2458.851393054753,9.977581840521416e+22
0.004528025392938826,2.2891775210822104e+16,-7.816192379106871e+23,2460.17701055849,9.98485261777733e+22
0.004538025392938826,2.2808895974088748e+16,-7.801615077752005e+23,2461.497350444833,9.991932432784208e+22
0.004548025392938825,2.2726364808204104e+16,-7.786994006626385e+23,2462.8124268345273,9.998821829631876e+22
0.004558025392938825,2.2644179907319596e+16,-7.772329909964319e+23,2464.1222537756657,1.0005521360786076e+23
0.004568025392938825,2.256233948248955e+16,-7.757623526973219e+23,2465.426845244287,1.0012031586982641e+23
0.004578025392938824,2.2480841761445508e+16,-7.742875591846372e+23,2466.726215144805,1.0018353077116235e+23
0.004588025392938824,2.23996849883728e+16,-7.728086833780232e+23,2468.020377310601,1.0024486408134632e+23
0.004598025392938823,2.2318867423691572e+16,-7.713257976987707e+23,2469.3093455044445,1.0030432164927941e+23
0.004608025392938823,2.2238387343840184e+16,-7.698389740715656e+23,2470.5931334190755,1.0036190940223472e+23
0.0046180253929388225,2.2158243041061772e+16,-7.683482839258188e+23,2471.8717546776106,1.0041763334475014e+23
0.004628025392938822,2.207843282319415e+16,-7.668537981973714e+23,2473.1452228340845,1.0047149955757146e+23
0.004638025392938822,2.1998955013462624e+16,-7.653555873300228e+23,2474.413551373916,1.0052351419657419e+23
0.004648025392938821,2.1919807950275372e+16,-7.638537212771594e+23,2475.6767537144037,1.0057368349169675e+23
0.004658025392938821,2.1840989987022412e+16,-7.623482695031955e+23,2476.934843205139,1.0062201374585336e+23
0.0046680253929388205,2.176249949187695e+16,-7.608393009854728e+23,2478.187833128587,1.0066851133390652e+23
0.00467802539293882,2.168433484759965e+16,-7.593268842155782e+23,2479.4357367004422,1.0071318270156499e+23
0.00468802539293882,2.160649445134572e+16,-7.578110872011132e+23,2480.6785670701347,1.0075603436434075e+23
0.004698025392938819,2.152897671447472e+16,-7.56291977467383e+23,2481.9163373213146,1.0079707290649918e+23
0.004708025392938819,2.1451780062363196e+16,-7.547696220589444e+23,2483.1490604722603,1.0083630497999229e+23
0.0047180253929388185,2.137490293421953e+16,-7.532440875412947e+23,2484.376749476345,1.0087373730341053e+23
0.004728025392938818,2.129834378290221e+16,-7.51715440002547e+23,2485.59941722248,1.0090937666093609e+23
0.004738025392938818,2.12221010747398e+16,-7.501837450551095e+23,2486.817076535557,1.0094322990129818e+23
0.004748025392938817,2.114617328935382e+16,-7.486490678373954e+23,2488.0297401768976,1.0097530393673297e+23
0.004758025392938817,2.107055891948452e+16,-7.471114730153997e+23,2489.237420844638,1.0100560574193338e+23
0.004768025392938816,2.0995256470818148e+16,-7.455710247845749e+23,2490.440131174228,1.010341423530331e+23
0.004778025392938816,2.0920264461817668e+16,-7.440277868714363e+23,2491.637883738815,1.0106092086656238e+23
0.004788025392938816,2.084558142355522e+16,-7.424818225352477e+23,2492.8306910496526,1.0108594843841625e+23
0.004798025392938815,2.0771205899547372e+16,-7.409331945698008e+23,2494.0185655565406,1.0110923228283795e+23
0.004808025392938815,2.069713644559179e+16,-7.393819653051687e+23,2495.2015196482475,1.0113077967139672e+23
0.004818025392938814,2.0623371629607824e+16,-7.378281966093476e+23,2496.379565652883,1.0115059793196379e+23
0.004828025392938814,2.054991003147729e+16,-7.362719498901353e+23,2497.5527158383575,1.0116869444771018e+23
0.004838025392938814,2.0476750242889364e+16,-7.347132860967538e+23,2498.7209824127344,1.0118507665608527e+23
0.004848025392938813,2.040389086718654e+16,-7.33152265721695e+23,2499.8843775246655,1.0119975204781976e+23
0.004858025392938813,2.0331330519212716e+16,-7.315889488024163e+23,2501.0429132637573,1.0121272816591403e+23
0.004868025392938812,2.025906782516418e+16,-7.300233949231451e+23,2502.1966016609817,1.0122401260464728e+23
0.004878025392938812,2.018710142244206e+16,-7.284556632167027e+23,2503.3454546890816,1.0123361300858976e+23
0.0048880253929388115,2.0115429959506684e+16,-7.268858123661507e+23,2504.489484262906,1.0124153707159277e+23
0.004898025392938811,2.0044052095734696e+16,-7.253139006066686e+23,2505.628702239827,1.012477925358193e+23
0.004908025392938811,1.997296650127746e+16,-7.237399857274058e+23,2506.763120420146,1.0125238719076834e+23
0.00491802539293881,1.990217185692177e+16,-7.22164125073104e+23,2507.8927505473994,1.0125532887227551e+23
0.00492802539293881,1.983166685395245e+16,-7.205863755460308e+23,2509.0176043087845,1.0125662546155913e+23
0.0049380253929388095,1.9761450194016804e+16,-7.19006793607718e+23,2510.137693335504,1.0125628488424222e+23
0.004948025392938809,1.9691520588991096e+16,-7.174254352807827e+23,2511.2530292031374,1.0125431510939157e+23
0.004958025392938809,1.9652887447280016e+16,-6.916744259526694e+23,2501.679983623721,9.796228597627198e+22
0.004968025392938808,1.963013148849373e+16,-6.542846078542083e+23,2486.2969790428047,9.303911378944084e+22
0.004978025392938808,1.9610538588022616e+16,-6.140297175151636e+23,2468.6635651967913,8.766240036956435e+22
0.0049880253929388075,1.95886691818597e+16,-5.741099639395592e+23,2450.144832077492,8.227102919981865e+22
0.004998025392938807,1.9562000876066576e+16,-5.36010411855255e+23,2431.46481080772,7.707703585974287e+22
0.005008025392938807,1.952959818661821e+16,-5.0040216916793365e+23,2413.038406702788,7.218302917939674e+22
0.005018025392938806,1.9491410202008376e+16,-4.6752608700033754e+23,2395.106227462489,6.763219855180346e+22
0.005028025392938806,1.9447857461631196e+16,-4.373891148182932e+23,2377.8030592251043,6.343423553992562e+22
0.005038025392938805,1.9399583483150308e+16,-4.098732565098416e+23,2361.1969655978555,5.958003059407164e+22
0.005048025392938805,1.9347307028896544e+16,-3.847982994706921e+23,2345.3132326147243,5.605037154162781e+22
0.005058025392938805,1.929173742523568e+16,-3.619583542749039e+23,2330.1497005172832,5.282118076212096e+22
0.005068025392938804,1.923352935768576e+16,-3.411429705653254e+23,2315.686865814132,4.986666495015043e+22
0.005078025392938804,1.9173262037100384e+16,-3.2214897898708204e+23,2301.894655065612,4.716117499280495e+22
0.005088025392938803,1.9111433000542336e+16,-3.047867116203815e+23,2288.737006645444,4.4680259843564386e+22
0.005098025392938803,1.9048460298769324e+16,-2.8888282425325276e+23,2276.174972358027,4.240121627035767e+22
0.005108025392938803,1.8984689111646588e+16,-2.74281093919738e+23,2264.1688018463665,4.0303325978750915e+22
0.005118025392938802,1.8920400336577324e+16,-2.608420460473685e+23,2252.6793198638943,3.836790263791928e+22
0.005128025392938802,1.8855819677158692e+16,-2.48441942712337e+23,2241.668808952351,3.6578227365992324e+22
0.005138025392938801,1.8791126393470572e+16,-2.369714603350416e+23,2231.101545796237,3.4919422841988812e+22
0.005148025392938801,1.872646127793743e+16,-2.2633425647204465e+23,2220.944096012455,3.3378297751997346e+22
0.0051580253929388005,1.8661933669894692e+16,-2.1644554371905314e+23,2211.1654420124014,3.1943181242700174e+22
0.0051680253929388,1.859762747078304e+16,-2.0723073710975278e+23,2201.73699736214,3.060375922266142e+22
0.0051780253929388,1.8533606205813972e+16,-1.9862420901486123e+23,2192.632545920802,2.9350919281409375e+22
0.005188025392938799,1.846991722082807e+16,-1.905681655554462e+23,2183.828133123547,2.8176607748719257e+22
0.005198025392938799,1.8406595120641216e+16,-1.8301164651774323e+23,2175.30192886101,2.7073700370747765e+22
0.0052080253929387985,1.834366455773882e+16,-1.7590964382296476e+23,2167.0340756453793,2.603588682374793e+22
0.005218025392938798,1.8281142474371456e+16,-1.6922232990476067e+23,2159.0065315575675,2.5057568546737416e+22
0.005228025392938798,1.8219039891104884e+16,-1.629143856651106e+23,2151.202914417899,2.4133768969231316e+22
0.005238025392938797,1.8157363323237384e+16,-1.5695441723028307e+23,2143.608351411054,2.3260055017925057e+22
0.005248025392938797,1.8096115894737864e+16,-1.5131445100591466e+23,2136.2093368050114,2.243246872704627e+22
0.0052580253929387965,1.803529820829556e+16,-1.4596949720713783e+23,2128.9935992680344,2.1647467797884e+22
0.005268025392938796,1.7974909020133514e+16,-1.4089717291368765e+23,2121.9499794904737,2.0901874019687914e+22
0.005278025392938796,1.7914945759548524e+16,-1.3607737664092679e+23,2115.06831826587,2.0192828554042396e+22
0.005288025392938795,1.7855404925724034e+16,-1.3149200735265363e+23,2108.3393548157846,1.951775318434754e+22
0.005298025392938795,1.7796282388118216e+16,-1.271247217252672e+23,2101.7546349030445,1.8874316732255772e+22
0.005308025392938794,1.7737573611552492e+16,-1.22960724284799e+23,2095.306428134329,1.8260405939013077e+22
0.005318025392938794,1.767927382284874e+16,-1.189865857663689e+23,2088.9876537735445,1.7674100198420689e+22
0.005328025392938794,1.7621378132399914e+16,-1.1519008569298052e+23,2082.7918143587685,1.7113649608962209e+22
0.005338025392938793,1.7563881621233372e+16,-1.115600757361219e+23,2076.7129364159955,1.6577455884485987e+22
0.005348025392938793,1.7506779401864474e+16,-1.0808636091349117e+23,2070.74551758644,1.606405572637827e+22
0.005358025392938792,1.7450066659413338e+16,-1.0475959610423831e+23,2064.8844795194923,1.5572106315608457e+22
0.005368025392938792,1.7393738678031464e+16,-1.0157119572967893e+23,2059.125125929774,1.5100372631478178e+22
0.005378025392938792,1.7337790856516366e+16,-9.851325475990117e+22,2053.4631052620134,1.464771634540632e+22
0.005388025392938791,1.7282218716103214e+16,-9.557847947638476e+22,2047.894377458266,1.4213086074190063e+22
0.005398025392938791,1.7227017902711114e+16,-9.276012664973165e+22,2042.4151843697896,1.3795508808024058e+22
0.00540802539293879,1.7172184185358812e+16,-9.00519499866688e+22,2037.0220234012777,1.3394082354964646e+22
0.00541802539293879,1.7117713452042356e+16,-8.744815286718052e+22,2031.7116240190387,1.3007968666216242e+22
0.0054280253929387895,1.7063601704028006e+16,-8.494334653407676e+22,2026.480926794523,1.263638792594043e+22
0.005438025392938789,1.7009845049253128e+16,-8.253251301738576e+22,2021.3270646905,1.2278613305752856e+22
0.005448025392938789,1.6956439695342956e+16,-8.021097217904305e+22,2016.247346331758,1.1933966298265648e+22
0.005458025392938788,1.6903381942589218e+16,-7.797435234982582e+22,2011.239241030734,1.160181255595745e+22
0.005468025392938788,1.6850668177127464e+16,-7.581856410479232e+22,2006.300365365508,1.1281558171938216e+22
0.0054780253929387875,1.6798294864477954e+16,-7.373977678724436e+22,2001.4284711328435,1.0972646348020536e+22
0.005488025392938787,1.6746258543529856e+16,-7.173439744390098e+22,1996.62143451754,1.0674554402821055e+22
0.005498025392938787,1.669455582102839e+16,-6.9799051881096e+22,1991.8772463408652,1.0386791079183802e+22
0.005508025392938786,1.6643183366577032e+16,-6.793056759024132e+22,1987.19400326566,1.010889411557161e+22
0.005518025392938786,1.6592137908146382e+16,-6.6125958324460915e+22,1982.5698998505927,9.840428050772874e+21
0.0055280253929387855,1.6541416228075104e+16,-6.4382410137330076e+22,1978.0032213597524,9.580982235333543e+21
0.005538025392938785,1.649101515952852e+16,-6.26972687187972e+22,1973.4923372439553,9.330169026500687e+21
0.005548025392938785,1.6440931583382722e+16,-6.10680278848295e+22,1969.0356952209431,9.087622146474435e+21
0.005558025392938784,1.6391162425492674e+16,-5.949231909517075e+22,1964.631815889559,8.852995186266557e+21
0.005568025392938784,1.6341704654308572e+16,-5.796790188951763e+22,1960.2792878213802,8.625960239700655e+21
0.005578025392938783,1.6292555278802274e+16,-5.649265514570391e+22,1955.9767630794502,8.406206653954048e+21
0.005588025392938783,1.6243711346669178e+16,-5.506456907529132e+22,1951.7229531200599,8.193439884702289e+21
0.005598025392938783,1.619516994276842e+16,-5.368173788177935e+22,1947.5166250378772,7.987380445306354e+21
0.005608025392938782,1.614692818777397e+16,-5.234235301573897e+22,1943.3565981202346,7.78776294076409e+21
0.005618025392938782,1.609898323700909e+16,-5.104469696857207e+22,1939.2417406797647,7.59433517818841e+21
0.005628025392938781,1.6051332279438326e+16,-4.978713755325251e+22,1935.1709671381575,7.406857346511909e+21
0.005638025392938781,1.6003972536788242e+16,-4.856812262597616e+22,1931.1432353361813,7.225101258900903e+21
0.0056480253929387806,1.5956901262790576e+16,-4.738617520829086e+22,1927.1575440497502,7.048849652162685e+21
0.00565802539293878,1.5910115742517482e+16,-4.62398889729056e+22,1923.2129306916333,6.877895537935535e+21
0.00566802539293878,1.5863613291800552e+16,-4.512792406083003e+22,1919.30846918232,6.71204160108265e+21
0.005678025392938779,1.581739125671685e+16,-4.404900320063754e+22,1915.4432679745316,6.551099641152749e+21
0.005688025392938779,1.5771447013135214e+16,-4.300190810380466e+22,1911.6164682180327,6.394890053218495e+21
0.0056980253929387785,1.5725777966304254e+16,-4.198547611243862e+22,1907.8272420517658,6.243241344732592e+21
0.005708025392938778,1.5680381550485682e+16,-4.099859707854468e+22,1904.0747910134075,6.095989685447949e+21
0.005718025392938778,1.5635255228613442e+16,-4.0040210455447795e+22,1900.358344555315,5.952978487649836e+21
0.005728025392938777,1.5590396491980926e+16,-3.910930258435677e+22,1896.6771586587727,5.814058014286893e+21
0.005738025392938777,1.554580285994879e+16,-3.820490416040815e+22,1893.0305145382704,5.679085012776857e+21
0.0057480253929387765,1.5501471879666302e+16,-3.7326087863997798e+22,1889.4177174283254,5.54792237247081e+21
0.005758025392938776,1.545740112580668e+16,-3.647196614467081e+22,1885.8380954467061,5.42043880396758e+21
0.005768025392938776,1.5413588200311998e+16,-3.5641689145848248e+22,1882.290998527899,5.296508538611363e+21
0.005778025392938775,1.5370030732142256e+16,-3.4834442759733447e+22,1878.7757974212889,5.176011046656729e+21
0.005788025392938775,1.5326726377031338e+16,-3.4049446802788817e+22,1875.2918827494768,5.058830772733574e+21
0.0057980253929387745,1.5283672817246586e+16,-3.3285953302913412e+22,1871.8386641221975,4.944856887349544e+21
0.005808025392938774,1.5240867761347356e+16,-3.2543244890159964e+22,1868.4155693014404,4.833983053266386e+21
0.005818025392938774,1.519830894394742e+16,-3.1820633283710478e+22,1865.0220434146277,4.726107205713688e+21
0.005828025392938773,1.5155994125474418e+16,-3.1117457868199513e+22,1861.6575482119058,4.6211313454536123e+21
0.005838025392938773,1.5113921091931604e+16,-3.0433084353264625e+22,1858.321561364964,4.518961343824097e+21
0.005848025392938772,1.5072087654655794e+16,-2.976690351049983e+22,1855.0135758040703,4.419506758928546e+21
0.005858025392938772,1.5030491650075906e+16,-2.9118329982617574e+22,1851.7330990910727,4.322680662230902e+21
0.005868025392938772,1.4989130939469874e+16,-2.848680115994638e+22,1848.4796528258644,4.228399474859043e+21
0.005878025392938771,1.494800340871785e+16,-2.787177611974325e+22,1845.2527720838632,4.1365828129704987e+21
0.005888025392938771,1.4907106968056986e+16,-2.7272734624293906e+22,1842.0520048830006,4.04715334160472e+21
0.00589802539293877,1.4866439551831162e+16,-2.668917617386657e+22,1838.876911677712,3.960036636458106e+21
0.00590802539293877,1.4825999118243284e+16,-2.6120619111122563e+22,1835.7270648789024,3.875161053096182e+21
0.0059180253929387696,1.4785783649101462e+16,-2.5566599773568662e+22,1832.6020483974737,3.792457603112914e+21
0.005928025392938769,1.474579114956851e+16,-2.5026671691184137e+22,1829.5014572107991,3.7118598368267563e+21
0.005938025392938769,1.4706019647906974e+16,-2.4500404826280357e+22,1826.4248969500206,3.633303732090832e+21
0.005948025392938768,1.4666467195225366e+16,-2.3987384853086656e+22,1823.3719835074428,3.556727588858088e+21
0.005958025392938768,1.462713186522248e+16,-2.3487212474579722e+22,1820.3423426624806,3.4820719291445784e+21
0.0059680253929387675,1.4588011753932406e+16,-2.2999502774356037e+22,1817.3356097253504,3.4092794020749357e+21
0.005978025392938767,1.45491049794682e+16,-2.2523884601410165e+22,1814.351429197211,3.3382946937026196e+21
0.005988025392938767,1.451040968176684e+16,-2.2059999985919454e+22,1811.3894544461152,3.269064441332008e+21
0.005998025392938766,1.4471924022331764e+16,-2.1607503584148138e+22,1808.4493473974312,3.20153715207041e+21
0.006008025392938766,1.4433646183978972e+16,-2.116606215087411e+22,1805.530778238527,3.135663125380625e+21
0.0060180253929387655,1.4395574370581452e+16,-2.073535403766909e+22,1802.6334251363812,3.071394379392977e+21
0.006028025392938765,1.4357706806815306e+16,-2.0315068715609893e+22,1799.7569739677406,3.008684580772367e+21
0.006038025392938765,1.4320041737905262e+16,-1.990490632100647e+22,1796.9011180609232,2.947488977935883e+21
0.006048025392938764,1.4282577429374012e+16,-1.9504577222906363e+22,1794.0655579489724,2.887764337442477e+21
0.006058025392938764,1.4245312166789542e+16,-1.911380161110289e+22,1791.2500011331229,2.829468883370554e+21
0.0060680253929387635,1.4208244255515864e+16,-1.8732309103571825e+22,1788.4541618564024,2.7725622395284184e+21
0.006078025392938763,1.4171372020464734e+16,-1.8359838372255177e+22,1785.6777608866994,2.717005374341235e+21
0.006088025392938763,1.4134693805848544e+16,-1.7996136786194453e+22,1782.9205253087732,2.6627605482701833e+21
0.006098025392938762,1.4098207974934856e+16,-1.7640960071089537e+22,1780.1821883247983,2.609791263630268e+21
0.006108025392938762,1.4061912909803668e+16,-1.729407198442018e+22,1777.462489063104,2.5580622166817285e+21
0.006118025392938761,1.4025807011105406e+16,-1.6955244005281992e+22,1774.761172394495,2.507539251872382e+21
0.006128025392938761,1.3989888697821618e+16,-1.6624255038191374e+22,1772.0779887559734,2.458189318122803e+21
0.006138025392938761,1.3954156407027522e+16,-1.630089113012192e+22,1769.412693981407,2.409980427047299e+21
0.00614802539293876,1.3918608593656584e+16,-1.598494520009e+22,1766.7650491388056,2.3628816130119927e+21
0.00615802539293876,1.388324373026742e+16,-1.5676216780653133e+22,1764.134820373935,2.3168628949374497e+21
0.006168025392938759,1.3848060306812956e+16,-1.5374511770710739e+22,1761.5217787599195,2.2718952397573188e+21
0.006178025392938759,1.3813056830412494e+16,-1.5079642199048438e+22,1758.9257001526423,2.2279505274518247e+21
0.0061880253929387586,1.377823182512445e+16,-1.4791425998062463e+22,1756.3463650514427,2.1850015175740715e+21
0.006198025392938758,1.3743583831722924e+16,-1.4509686787195791e+22,1753.7835584651923,2.1430218172013743e+21
0.006208025392938758,1.3709111407477858e+16,-1.423425366559024e+22,1751.237069783354,2.101985850239191e+21
0.006218025392938757,1.3674813125933994e+16,-1.3964961013477402e+22,1748.7066926515527,2.0618688280083492e+21
0.006228025392938757,1.3640687576696062e+16,-1.37016483019397e+22,1746.1922248519713,2.02264672106191e+21
0.0062380253929387565,1.3606733365214402e+16,-1.3444159910586566e+22,1743.6934681878752,1.9842962321653225e+21
0.006248025392938756,1.3572949112573862e+16,-1.3192344952795818e+22,1741.2102283723623,1.9467947703888988e+21
0.006258025392938756,1.3539333455284888e+16,-1.2946057108148523e+22,1738.7423149210354,1.9101204262584294e+21
0.006268025392938755,1.3505885045078634e+16,-1.2705154461732425e+22,1736.2895410485771,1.8742519479164994e+21
0.006278025392938755,1.3472602548700878e+16,-1.2469499349948726e+22,1733.8517235686238,1.8391687182412612e+21
0.0062880253929387545,1.3439484647713946e+16,-1.2238958212597785e+22,1731.4286827975982,1.8048507328898028e+21
0.006298025392938754,1.3406530038295876e+16,-1.2013401450857596e+22,1729.0202424613517,1.7712785792098301e+21
0.006308025392938754,1.3373737431046622e+16,-1.1792703290972804e+22,1726.626229605424,1.7384334159929805e+21
0.006318025392938753,1.3341105550793254e+16,-1.1576741653321706e+22,1724.2464745080083,1.706296954021051e+21
0.006328025392938753,1.3308633136399872e+16,-1.136539802666687e+22,1721.8808105960477,1.6748514373768878e+21
0.0063380253929387525,1.3276318940580028e+16,-1.1158557347334786e+22,1719.5290743641083,1.6440796254825656e+21
0.006348025392938752,1.3244161729709928e+16,-1.0956107883092619e+22,1717.1911052957903,1.613964775830933e+21
0.006358025392938752,1.3212160283646666e+16,-1.0757941121546854e+22,1714.8667457879628,1.5844906273848728e+21
0.006368025392938751,1.3180313395546954e+16,-1.0563951662824266e+22,1712.555841077254,1.555641384609156e+21
0.006378025392938751,1.314861987168906e+16,-1.037403711637273e+22,1710.2582391690094,1.527401702111136e+21
0.00638802539293875,1.311707853129698e+16,-1.018809800169323e+22,1707.9737907685192,1.499756669862521e+21
0.00639802539293875,1.3085688206368598e+16,-1.0006037652840791e+22,1705.7023492145336,1.4726917989785162e+21
0.00640802539293875,1.305444774150297e+16,-9.827762126504134e+21,1703.4437704146387,1.4461930080263788e+21
0.006418025392938749,1.3023355993734418e+16,-9.653180113558335e+21,1701.1979127830168,1.4202466098478428e+21
0.006428025392938749,1.299241183236467e+16,-9.482202853884712e+21,1698.9646371797794,1.3948392988652711e+21
0.006438025392938748,1.2961614138800536e+16,-9.3147440543703e+21,1696.7438068524586,1.3699581388585571e+21
0.006448025392938748,1.29309618063925e+16,-9.150719809920929e+21,1694.5352873791703,1.3455905511884438e+21
0.0064580253929387476,1.290045374027574e+16,-8.990048527371578e+21,1692.3389466135168,1.3217243034491858e+21
0.006468025392938747,1.2870088857213202e+16,-8.832650852173301e+21,1690.1546546311613,1.2983474985326616e+21
0.006478025392938747,1.2839866085442646e+16,-8.678449597748966e+21,1687.982283678126,1.2754485640882844e+21
0.006488025392938746,1.280978436452345e+16,-8.527369677386668e+21,1685.8217081204498,1.2530162423592164e+21
0.006498025392938746,1.2779842645187518e+16,-8.379338038589792e+21,1683.672804395485,1.231039580383059e+21
0.0065080253929387455,1.2750039889191278e+16,-8.234283599768758e+21,1681.535450964561,1.209507920540082e+21
0.006518025392938745,1.2720375069170124e+16,-8.092137189184008e+21,1679.4095282670326,1.1884108914355953e+21
0.006528025392938745,1.2690847168495976e+16,-7.952831486055469e+21,1677.2949186757585,1.1677383991040714e+21
0.006538025392938744,1.2661455181135546e+16,-7.816300963738506e+21,1675.1915064537613,1.1474806185201667e+21
0.006548025392938744,1.2632198111511076e+16,-7.682481834892142e+21,1673.099177712151,1.1276279854057681e+21
0.0065580253929387435,1.2603074974363894e+16,-7.551311998563048e+21,1671.0178203693129,1.1081711883217407e+21
0.006568025392938743,1.2574084794619014e+16,-7.422730989101387e+21,1668.9473241111873,1.0891011610320081e+21
0.006578025392938743,1.2545226607252114e+16,-7.29667992684112e+21,1666.8875803526741,1.0704090751299878e+21
0.006588025392938742,1.2516499457158524e+16,-7.173101470477574e+21,1664.8384822001553,1.0520863329174944e+21
0.006598025392938742,1.248790239902442e+16,-7.051939771073217e+21,1662.7999244150465,1.0341245605258552e+21
0.0066080253929387415,1.2459434497200056e+16,-6.933140427630575e+21,1660.7718033783829,1.0165156012702617e+21
0.006618025392938741,1.2431094825573466e+16,-6.81665044416411e+21,1658.7540170562615,9.992515092272543e+20
0.006628025392938741,1.2402882467447664e+16,-6.70241818822832e+21,1656.7464649663696,9.823245430289927e+20
0.00663802539293874,1.2374796515419392e+16,-6.590393350835401e+21,1654.7490481453708,9.657271598644947e+20
0.00664802539293874,1.2346836071259042e+16,-6.480526907710798e+21,1652.7616691171418,9.49452009680196e+20
0.006658025392938739,1.2319000245791956e+16,-6.372771081836694e+21,1650.784231861829,9.334919295723561e+20
0.006668025392938739,1.2291288158783774e+16,-6.267079307244994e+21,1648.8166417858995,9.178399383657284e+20
0.006678025392938739,1.226369893882525e+16,-6.163406193994786e+21,1646.8588056928043,9.024892313687938e+20
0.006688025392938738,1.2236231723218736e+16,-6.061707494300176e+21,1644.9106317544226,8.874331753005195e+20
0.006698025392938738,1.2208885657868596e+16,-5.961940069774878e+21,1642.972029483437,8.72665303383652e+20
0.006708025392938737,1.2181659897170502e+16,-5.8640618597298e+21,1641.0429097061728,8.581793105951265e+20
0.006718025392938737,1.215455360390382e+16,-5.768031850506011e+21,1639.1231845362963,8.439690490709191e+20
0.0067280253929387366,1.2127565949126382e+16,-5.67381004579945e+21,1637.2127673492357,8.300285236589232e+20
0.006738025392938736,1.2100696112068702e+16,-5.581357437929987e+21,1635.3115727570707,8.163518876128007e+20
0.006748025392938736,1.2073943280031838e+16,-5.490635980039097e+21,1633.419516584254,8.029334384244544e+20
0.006758025392938735,1.2047306648284822e+16,-5.401608559164809e+21,1631.5365158437653,7.897676137875188e+20
0.006768025392938735,1.2020785419965686e+16,-5.314238970179544e+21,1629.6624887140495,7.768489876897163e+20
0.0067780253929387345,1.1994378805982306e+16,-5.228491890544633e+21,1627.7973545163866,7.641722666272425e+20
0.006788025392938734,1.196808602491535e+16,-5.14433285586176e+21,1625.9410336928763,7.517322859382102e+20
0.006798025392938734,1.1941906302922896e+16,-5.061728236191822e+21,1624.0934477849967,7.395240062507865e+20
0.006808025392938733,1.1915838873646152e+16,-4.980645213110888e+21,1622.2545194126421,7.275425100415137e+20
0.006818025392938733,1.1889882978116286e+16,-4.90105175747895e+21,1620.424172253667,7.157829983002043e+20
0.0068280253929387325,1.1864037864663032e+16,-4.822916607899012e+21,1618.6023310239675,7.042407872980328e+20
0.006838025392938732,1.1838302788824926e+16,-4.746209249839813e+21,1616.7889214580362,6.92911305454924e+20
0.006848025392938732,1.1812677013260426e+16,-4.6708998953999406e+21,1614.9838702899826,6.81790090302842e+20
0.006858025392938731,1.1787159807659904e+16,-4.596959463688296e+21,1613.187105234944,6.70872785541332e+20
0.006868025392938731,1.176175044865976e+16,-4.524359561806484e+21,1611.3985549710294,6.601551381831018e+20
0.0068780253929387304,1.1736448219757716e+16,-4.453072466407359e+21,1609.618149121667,6.496329957858416e+20
0.00688802539293873,1.1711252411228722e+16,-4.3830711058094956e+21,1607.8458182383206,6.393023037672684e+20
0.00689802539293873,1.1686162320042326e+16,-4.314329042651256e+21,1606.081493783627,6.29159102800949e+20
0.006908025392938729,1.166117724978208e+16,-4.2468204570684356e+21,1604.325108115006,6.191995262905014e+20
0.006918025392938729,1.1636296510564646e+16,-4.180520130369614e+21,1602.576594468513,6.09419797918366e+20
0.006928025392938728,1.1611519418961518e+16,-4.115403429202526e+21,1600.835886943186,5.998162292680992e+20
0.006938025392938728,1.1586845297920766e+16,-4.0514462901869473e+21,1599.1029204856666,5.903852175165525e+20
0.006948025392938728,1.1562273476690416e+16,-3.9886252050032797e+21,1597.3776308752015,5.811232431943414e+20
0.006958025392938727,1.1537803290743186e+16,-3.9269172059211684e+21,1595.6599547090123,5.7202686801224145e+20
0.006968025392938727,1.1513434081701398e+16,-3.8662998517502255e+21,1593.9498293879171,5.6309273275084636e+20
0.006978025392938726,1.148916519726465e+16,-3.806751214206743e+21,1592.247193102425,5.5431755521256404e+20
0.006988025392938726,1.1464995991136342e+16,-3.7482498646702545e+21,1590.5519848189267,5.456981282320955e+20
0.0069980253929387256,1.1440925822953154e+16,-3.6907748613312904e+21,1588.8641442663893,5.3723131774551766e+20
0.007008025392938725,1.1416954058214078e+16,-3.634305736705954e+21,1587.1836119231941,5.289140609144031e+20
0.007018025392938725,1.1393080068211966e+16,-3.5788224855153343e+21,1585.5103290044162,5.207433643046303e+20
0.007028025392938724,1.1369303229964414e+16,-3.5243055529073107e+21,1583.8442374492063,5.127163021165807e+20
0.007038025392938724,1.1345622926147042e+16,-3.470735823020983e+21,1582.1852799086137,5.048300144666813e+20
0.0070480253929387235,1.1322038545027042e+16,-3.4180946078738043e+21,1580.5333997335701,4.9708170571741495e+20
0.007058025392938723,1.1298549480397428e+16,-3.366363636565172e+21,1578.888540963146,4.8946864285477555e+20
0.007068025392938723,1.1275155131512978e+16,-3.3155250447870025e+21,1577.2506483130976,4.819881539118019e+20
0.007078025392938722,1.1251854903026548e+16,-3.2655613646297917e+21,1575.61966716464,4.7463762643645216e+20
0.007088025392938722,1.1228648204926206e+16,-3.2164555146743817e+21,1573.9955435534214,4.6741450600236745e+20
0.0070980253929387215,1.1205534452473474e+16,-3.16819079036291e+21,1572.378224158775,4.6031629476153596e+20
0.007108025392938721,1.1182513066142534e+16,-3.1207508546386316e+21,1570.7676562931942,4.533405500373224e+20
0.007118025392938721,1.1159583471560404e+16,-3.074119728846956e+21,1569.1637878920433,4.4648488295671274e+20
0.00712802539293872,1.1136745099446982e+16,-3.0282817838859257e+21,1567.566567503377,4.397469571200336e+20
0.00713802539293872,1.1113997385557572e+16,-2.9832217316067776e+21,1565.9759442781535,4.3312448730818563e+20
0.0071480253929387194,1.1091339770624242e+16,-2.9389246164458023e+21,1564.3918679604456,4.26615238224665e+20
0.007158025392938719,1.1068771700300144e+16,-2.8953758072919325e+21,1562.814288878055,4.2021702327293785e+20
0.007168025392938719,1.1046292625102934e+16,-2.8525609895725986e+21,1561.2431579331621,4.1392770336664925e+20
0.007178025392938718,1.1023902000359524e+16,-2.8104661575574875e+21,1559.6784265932238,4.07745185772527e+20
0.007188025392938718,1.1001599286151782e+16,-2.7690776068719924e+21,1558.1200468820705,4.0166742298482174e+20
0.007198025392938717,1.0979383947262546e+16,-2.7283819272127287e+21,1556.5679713711397,3.9569241163007925e+20
0.007208025392938717,1.0957255453123338e+16,-2.6883659952624275e+21,1555.0221531709788,3.8981819140188366e+20
0.007218025392938717,1.093521327776134e+16,-2.6490169677920385e+21,1553.4825459227707,3.840428440237452e+20
0.007228025392938716,1.0913256899748524e+16,-2.610322274952067e+21,1551.9491037901778,3.783644922403959e+20
0.007238025392938716,1.0891385802150172e+16,-2.572269613740226e+21,1550.421781451216,3.727812988356274e+20
0.007248025392938715,1.086959947247571e+16,-2.5348469416474035e+21,1548.9005340904425,3.6729146567687904e+20
0.007258025392938715,1.0847897402628234e+16,-2.49804247046788e+21,1547.3853173910984,3.618932327845797e+20
0.0072680253929387146,1.08262790888563e+16,-2.461844660278219e+21,1545.8760875275827,3.5658487742677916e+20
0.007278025392938714,1.0804744031705828e+16,-2.4262422135736144e+21,1544.372801158001,3.513647132374948e+20
0.007288025392938714,1.0783291735972524e+16,-2.3912240695585134e+21,1542.8754154168387,3.462310893582446e+20
0.007298025392938713,1.0761921710655342e+16,-2.3567793985885891e+21,1541.383887907829,3.411823896023267e+20
0.007308025392938713,1.0740633468909788e+16,-2.3228975967566763e+21,1539.8981766968798,3.3621703164076104e+20
0.0073180253929387125,1.0719426528002732e+16,-2.289568280622259e+21,1538.4182403052275,3.313334662098016e+20
0.007328025392938712,1.0698300409267618e+16,-2.2567812820771474e+21,1536.944037702668,3.2653017633894066e+20
0.007338025392938712,1.0677254638059596e+16,-2.2245266433442413e+21,1535.4755283009035,3.218056765989296e+20
0.007348025392938711,1.0656288743712266e+16,-2.1927946121069734e+21,1534.0126719470636,3.171585123694413e+20
0.007358025392938711,1.0635402259494224e+16,-2.1615756367634644e+21,1532.5554289173003,3.1258725912550795e+20
0.0073680253929387105,1.0614594722566878e+16,-2.130860361804389e+21,1531.1037599105716,3.080905217425439e+20
0.00737802539293871,1.0593865673941718e+16,-2.1006396233065945e+21,1529.657626042402,3.0366693381881535e+20
0.00738802539293871,1.057321465843948e+16,-2.070904444546029e+21,1528.2169888389471,2.993151570158157e+20
0.007398025392938709,1.0552641224649012e+16,-2.0416460317196204e+21,1526.7818102310214,2.9503388041506433e+20
0.007408025392938709,1.0532144924886738e+16,-2.0128557697770277e+21,1525.3520525482809,2.9082181989141984e+20
0.0074180253929387084,1.0511725315156956e+16,-1.9845252183587315e+21,1523.9276785135417,2.866777175023914e+20
0.007428025392938708,1.0491381955112704e+16,-1.956646107836589e+21,1522.508651237184,2.826003408928719e+20
0.007438025392938708,1.0471114408016662e+16,-1.929210335453664e+21,1521.0949342116262,2.7858848271480737e+20
0.007448025392938707,1.0450922240702844e+16,-1.9022099615618472e+21,1519.6864913059271,2.7464096006157956e+20
0.007458025392938707,1.043080502353885e+16,-1.8756372059540155e+21,1518.2832867604977,2.707566139166095e+20
0.007468025392938706,1.0410762330388844e+16,-1.8494844442881213e+21,1516.8852851819115,2.6693430861579767e+20
0.007478025392938706,1.0390793738576108e+16,-1.8237442045990997e+21,1515.4924515377313,2.6317293132318668e+20
0.007488025392938706,1.037089882884723e+16,-1.7984091638997267e+21,1514.1047511515465,2.594713915199942e+20
0.007498025392938705,1.0351077185336282e+16,-1.7734721448648376e+21,1512.7221496980414,2.558286205061965e+20
0.007508025392938705,1.0331328395528832e+16,-1.7489261125963395e+21,1511.3446131980825,2.522435709142905e+20
0.007518025392938704,1.0311652050227396e+16,-1.724764171470472e+21,1509.9721080140228,2.4871521623539712e+20
0.007528025392938704,1.0292047743517016e+16,-1.700979562061246e+21,1508.60460084501,2.452425503568513e+20
0.0075380253929387036,1.0272515072730646e+16,-1.6775656581389054e+21,1507.2420587223498,2.418245871110984e+20
0.007548025392938703,1.0253053638416154e+16,-1.6545159637439042e+21,1505.8844490050608,2.3846035983591254e+20
0.007558025392938703,1.0233663044302866e+16,-1.6318241103302282e+21,1504.5317393753924,2.351489209450945e+20
0.007568025392938702,1.0214342897268656e+16,-1.6094838539792128e+21,1503.1838978344672,2.318893415097598e+20
0.007578025392938702,1.019509280730761e+16,-1.5874890726809091e+21,1501.8408926979944,2.286807108497936e+20
0.0075880253929387015,1.0175912387498446e+16,-1.5658337636819474e+21,1500.5026925920977,2.2552213613531464e+20
0.007598025392938701,1.0156801253972236e+16,-1.5445120408956381e+21,1499.1692664490968,2.2241274199752288e+20
0.007608025392938701,1.0137759025881796e+16,-1.5235181323767482e+21,1497.8405835035057,2.1935167014925366e+20
0.0076180253929387,1.0118785325370948e+16,-1.5028463778558852e+21,1496.5166132880295,2.1633807901452396e+20
0.0076280253929387,1.0099879777543752e+16,-1.4824912263321813e+21,1495.1973256295767,2.1337114336685356e+20
0.0076380253929386995,1.0081042010434846e+16,-1.462447233725313e+21,1493.8826906454556,2.1045005397650666e+20
0.007648025392938699,1.0062271654979632e+16,-1.442709060581895e+21,1492.5726787395256,2.0757401726592716e+20
0.007658025392938699,1.0043568344985204e+16,-1.4232714698376652e+21,1491.2672605984983,2.0474225497356593e+20
0.007668025392938698,1.0024931717101184e+16,-1.404129324631605e+21,1489.9664071882196,2.019540038255337e+20
0.007678025392938698,1.000636141079142e+16,-1.3852775861728437e+21,1488.6700897500853,1.992085152151854e+20
0.0076880253929386974,9987857068305780.0,-1.3667113116574186e+21,1487.3782797974843,1.965050548902214e+20
0.007698025392938697,9969418334652330.0,-1.3484256522339395e+21,1486.0909491122882,1.9384290264714458e+20
0.007708025392938697,9951044857569468.0,-1.3304158510169307e+21,1484.8080697413905,1.9122135203289897e+20
0.007718025392938696,9932736287499464.0,-1.3126772411479215e+21,1483.5296139933905,1.886397100536788e+20
0.007728025392938696,9914492277561110.0,-1.2952052439000154e+21,1482.2555544351983,1.860972968903062e+20
0.007738025392938695,9896312483523276.0,-1.2779953668277734e+21,1480.9858638887767,1.8359344562041448e+20
0.007748025392938695,9878196563779236.0,-1.2610432019605301e+21,1479.7205154279663,1.8112750194716164e+20
0.007758025392938695,9860144179319768.0,-1.244344424035435e+21,1478.4594823751993,1.7869882393395436e+20
0.007768025392938694,9842154993709018.0,-1.2278947887751787e+21,1477.2027382985527,1.7630678174584796e+20
0.007778025392938694,9824228673058290.0,-1.2116901312013109e+21,1475.9502570085313,1.739507573963557e+20
0.007788025392938693,9806364886001212.0,-1.195726363988897e+21,1474.7020125550926,1.71630144500444e+20
0.007798025392938693,9788563303669476.0,-1.1799994758587414e+21,1473.457979224704,1.693443480331942e+20
0.0078080253929386926,9770823599668340.0,-1.1645055300057479e+21,1472.21813153739,1.6709278409390434e+20
0.007818025392938693,9753145450052548.0,-1.1492406625635584e+21,1470.9824442438526,1.6487487967564828e+20
0.007828025392938693,9735528533302756.0,-1.1342010811044377e+21,1469.7508923226565,1.6269007244013516e+20
0.007838025392938692,9717972530301736.0,-1.1193830631725053e+21,1468.523450977396,1.6053781049760327e+20
0.007848025392938692,9700477124311572.0,-1.1047829548514716e+21,1467.3000956340013,1.5841755219188086e+20
0.007858025392938691,9683042000950784.0,-1.0903971693639978e+21,1466.0808019380274,1.5632876589022678e+20
0.007868025392938691,9665666848171246.0,-1.076222185702244e+21,1464.8655457519374,1.5427092977786202e+20
0.00787802539293869,9648351356236476.0,-1.062254547290866e+21,1463.6543031525719,1.522435316573717e+20
0.00788802539293869,9631095217698834.0,-1.0484908606779434e+21,1462.4470504284652,1.5024606875232636e+20
0.00789802539293869,9613898127378194.0,-1.0349277942573481e+21,1461.2437640773894,1.4827804751561962e+20
0.00790802539293869,9596759782340170.0,-1.0215620770182621e+21,1460.0444208038064,1.4633898344190067e+20
0.007918025392938689,9579679881874944.0,-1.0083904973234647e+21,1458.8489975164355,1.4442840088433179e+20
0.007928025392938689,9562658127475922.0,-9.954099017140508e+20,1457.6574713257844,1.4254583287532454e+20
0.007938025392938688,9545694222819358.0,-9.826171937418138e+20,1456.469819541821,1.4069082095143064e+20
0.007948025392938688,9528787873743260.0,-9.700093328261091e+20,1455.2860196715494,1.3886291498193442e+20
0.007958025392938687,9511938788227352.0,-9.575833331373408e+20,1454.1060494167427,1.3706167300142508e+20
0.007968025392938687,9495146676372958.0,-9.453362625042941e+20,1452.92988667164,1.3528666104597792e+20
0.007978025392938686,9478411250382942.0,-9.332652413456941e+20,1451.7575095206878,1.3353745299297098e+20
0.007988025392938686,9461732224542314.0,-9.21367441625542e+20,1450.5888962363474,1.3181363040447403e+20
0.007998025392938686,9445109315198624.0,-9.096400858309459e+20,1449.4240252768936,1.3011478237403387e+20
0.008008025392938685,9428542240743056.0,-8.980804459727248e+20,1448.262875284285,1.2844050537686937e+20
0.008018025392938685,9412030721591020.0,-8.86685842607205e+20,1447.1054250820057,1.2679040312327204e+20
0.008028025392938684,9395574480163776.0,-8.754536438801119e+20,1445.9516536730168,1.2516408641531214e+20
0.008038025392938684,9379173240869676.0,-8.643812645905696e+20,1444.8015402376698,1.2356117300658273e+20
0.008048025392938684,9362826730085808.0,-8.534661652757107e+20,1443.6550641316821,1.219812874650357e+20
0.008058025392938683,9346534676140136.0,-8.42705851315313e+20,1442.5122048841674,1.2042406103882996e+20
0.008068025392938683,9330296809293410.0,-8.320978720552877e+20,1441.3729421956402,1.1888913152501755e+20
0.008078025392938682,9314112861721580.0,-8.216398199504053e+20,1440.237255936091,1.1737614314112084e+20
0.008088025392938682,9297982567498084.0,-8.113293297250523e+20,1439.105126143045,1.1588474639942625e+20
0.008098025392938682,9281905662576616.0,-8.011640775524313e+20,1437.976533019693,1.1441459798404062e+20
0.008108025392938681,9265881884774218.0,-7.911417802514389e+20,1436.8514569330682,1.1296536063060899e+20
0.00811802539293868,9249910973754034.0,-7.812601944997686e+20,1435.7298784121394,1.1153670300848393e+20
0.00812802539293868,9233992671008864.0,-7.715171160650598e+20,1434.6117781460784,1.1012829960558735e+20
0.00813802539293868,9218126719844366.0,-7.619103790512737e+20,1433.4971369824236,1.0873983061558018e+20
0.00814802539293868,9202312865363016.0,-7.524378551620292e+20,1432.385935925377,1.0737098182756314e+20
0.00815802539293868,9186550854447590.0,-7.43097452978554e+20,1431.2781561340191,1.0602144451799846e+20
0.008168025392938679,9170840435745330.0,-7.338871172537454e+20,1430.1737789206388,1.0469091534502765e+20
0.008178025392938678,9155181359652078.0,-7.248048282206203e+20,1429.0727857490338,1.0337909624496839e+20
0.008188025392938678,9139573378296970.0,-7.158486009158385e+20,1427.9751582328977,1.0208569433106735e+20
0.008198025392938678,9124016245526444.0,-7.070164845164622e+20,1426.8808781341077,1.008104217942539e+20
0.008208025392938677,9108509716889176.0,-6.983065616915535e+20,1425.7899273611547,9.955299580611322e+19
0.008218025392938677,9093053549620914.0,-6.897169479669942e+20,1424.7022879675505,9.831313842384626e+19
0.008228025392938676,9077647502629594.0,-6.812457911035438e+20,1423.6179421502572,9.709057649722609e+19
0.008238025392938676,9062291336480456.0,-6.728912704878708e+20,1422.5368722481398,9.588504157749787e+19
0.008248025392938675,9046984813381544.0,-6.64651596536266e+20,1421.459060740442,9.46962698281839e+19
0.008258025392938675,9031727697169150.0,-6.565250101107391e+20,1420.3844902452888,9.352400193775383e+19
0.008268025392938675,9016519753293350.0,-6.485097819469168e+20,1419.3131435181665,9.236798303406562e+19
0.008278025392938674,9001360748803979.0,-6.406042120942378e+20,1418.2450034504898,9.12279626006493e+19
0.008288025392938674,8986250452336568.0,-6.328066293674166e+20,1417.1800530681528,9.010369439468977e+19
0.008298025392938673,8971188634098696.0,-6.251153908092759e+20,1416.1182755301081,8.899493636670996e+19
0.008308025392938673,8956175065856028.0,-6.175288811645127e+20,1415.059654126956,8.790145058190577e+19
0.008318025392938673,8941209520918890.0,-6.100455123642375e+20,1414.0041722795463,8.682300314309004e+19
0.008328025392938672,8926291774128546.0,-6.026637230209831e+20,1412.951813537591,8.575936411521733e+19
0.008338025392938672,8911421601844454.0,-5.953819779346986e+20,1411.9025615783926,8.471030745154175e+19
0.008348025392938671,8896598781930705.0,-5.8819876760762096e+20,1410.8564002054175,8.367561092113128e+19
0.008358025392938671,8881823093743339.0,-5.811126077701302e+20,1409.8133133470526,8.265505603801044e+19
0.00836802539293867,8867094318117218.0,-5.7412203891540545e+20,1408.7732850552572,8.164842799163815e+19
0.00837802539293867,8852412237353558.0,-5.6722562584410305e+20,1407.7362995043218,8.065551557888028e+19
0.00838802539293867,8837776635207051.0,-5.604219572176494e+20,1406.7023409895542,7.967611113728455e+19
0.00839802539293867,8823187296873851.0,-5.5370964512139634e+20,1405.671393926114,7.871001047982311e+19
0.008408025392938669,8808644008978898.0,-5.470873246355053e+20,1404.6434428476975,7.775701283081083e+19
0.008418025392938669,8794146559563780.0,-5.4055365341523096e+20,1403.6184724053608,7.681692076322247e+19
0.008428025392938668,8779694738074917.0,-5.3410731127950646e+20,1402.5964673663389,7.588954013725822e+19
0.008438025392938668,8765288335351357.0,-5.2774699980737144e+20,1401.5774126128204,7.497468004009014e+19
0.008448025392938667,8750927143613131.0,-5.214714419429422e+20,1400.5612931408139,7.40721527268857e+19
0.008458025392938667,8736610956449564.0,-5.152793816079757e+20,1399.548094058982,7.318177356297189e+19
0.008468025392938667,8722339568807596.0,-5.091695833221697e+20,1398.537800587496,7.230336096716246e+19
0.008478025392938666,8708112776980517.0,-5.031408318311233e+20,1397.530398056924,7.1436736356229865e+19
0.008488025392938666,8693930378596506.0,-4.971919317415603e+20,1396.5258719071169,7.058172409047119e+19
0.008498025392938665,8679792172607569.0,-4.913217071638588e+20,1395.5242076861186,6.973815142036469e+19
0.008508025392938665,8665697959278290.0,-4.85529001361486e+20,1394.5253910490685,6.890584843426871e+19
0.008518025392938664,8651647540175094.0,-4.798126764076466e+20,1393.5294077571684,6.808464800719603e+19
0.008528025392938664,8637640718155059.0,-4.741716128481794e+20,1392.536243676572,6.727438575052966e+19
0.008538025392938664,8623677297355545.0,-4.686047093717362e+20,1391.5458847774084,6.647489996282692e+19
0.008548025392938663,8609757083183263.0,-4.6311088248582504e+20,1390.558317132708,6.568603158150532e+19
0.008558025392938663,8595879882303956.0,-4.5768906619957556e+20,1389.5735269174138,6.49076241355365e+19
0.008568025392938662,8582045502631804.0,-4.5233821171241484e+20,1388.5915004073497,6.413952369902481e+19
0.008578025392938662,8568253753319251.0,-4.470572871091755e+20,1387.6122239782708,6.338157884574862e+19
0.008588025392938662,8554504444746760.0,-4.4184527706078904e+20,1386.6356841048607,6.263364060454244e+19
0.008598025392938661,8540797388512715.0,-4.367011825309243e+20,1385.6618673597661,6.189556241556917e+19
0.00860802539293866,8527132397423390.0,-4.3162402048835866e+20,1384.6907604126507,6.116720008744756e+19
0.00861802539293866,8513509285483088.0,-4.266128236248699e+20,1383.7223500292525,6.044841175521254e+19
0.00862802539293866,8499927867884301.0,-4.2166664007856056e+20,1382.7566230704515,5.973905783908567e+19
0.00863802539293866,8486387960998114.0,-4.167845331625845e+20,1381.7935664913591,5.903900100405601e+19
0.00864802539293866,8472889382364461.0,-4.119655810989356e+20,1380.8331673403886,5.834810612022125e+19
0.008658025392938659,8459431950682695.0,-4.0720887675761014e+20,1379.8754127583888,5.766624022392996e+19
0.008668025392938658,8446015485802213.0,-4.025135274005439e+20,1378.920289977742,5.699327247964164e+19
0.008678025392938658,8432639808713101.0,-3.97878654430517e+20,1377.9677863214872,5.632907414253205e+19
0.008688025392938658,8419304741536863.0,-3.933033931448784e+20,1377.0178892024571,5.567351852181782e+19
0.008698025392938657,8406010107517434.0,-3.887868924940572e+20,1376.070586122444,5.502648094479602e+19
0.008708025392938657,8392755731011976.0,-3.843283148444192e+20,1375.125864671324,5.438783872154165e+19
0.008718025392938656,8379541437482031.0,-3.7992683574588336e+20,1374.1837125262457,5.3757471110310855e+19
0.008728025392938656,8366367053484691.0,-3.755816437038988e+20,1373.2441174508142,5.313525928359797e+19
0.008738025392938656,8353232406663663.0,-3.7129193995549626e+20,1372.3070672942367,5.252108629480789e+19
0.008748025392938655,8340137325740747.0,-3.6705693825001076e+20,1371.372549990572,5.191483704561958e+19
0.008758025392938655,8327081640507229.0,-3.628758646335555e+20,1370.4405535579017,5.131639825391676e+19
0.008768025392938654,8314065181815194.0,-3.587479572377389e+20,1369.5110660975554,5.0725658422353125e+19
0.008778025392938654,8301087781569261.0,-3.5467246607230285e+20,1368.584075793329,5.014250780750111e+19
0.008788025392938653,8288149272718209.0,-3.506486528217297e+20,1367.6595709107332,4.95668383895973e+19
0.008798025392938653,8275249489246702.0,-3.466757906455879e+20,1366.7375397962335,4.899854384284767e+19
0.008808025392938653,8262388266167048.0,-3.427531639825267e+20,1365.8179708764737,4.843751950627575e+19
0.008818025392938652,8249565439511098.0,-3.3888006835817054e+20,1364.9008526575738,4.788366235515809e+19
0.008828025392938652,8236780846322333.0,-3.350558101964149e+20,1363.9861737243843,4.733687097296436e+19
0.008838025392938651,8224034324647753.0,-3.312797066342323e+20,1363.0739227397535,4.679704552382514e+19
0.008848025392938651,8211325713530104.0,-3.275510853400137e+20,1362.1640884438266,4.626408772552989e+19
0.00885802539293865,8198654853000010.0,-3.2386928433521426e+20,1361.2566596533318,4.573790082301314e+19
0.00886802539293865,8186021584068380.0,-3.2023365181935065e+20,1360.3516252608936,4.521838956234905e+19
0.00887802539293865,8173425748718611.0,-3.166435459981845e+20,1359.4489742343358,4.470546016521676e+19
0.00888802539293865,8160867189898982.0,-3.130983349149688e+20,1358.5486956159689,4.419902030382933e+19
0.008898025392938649,8148345751515429.0,-3.0959739628528704e+20,1357.6507785220053,4.369897907638864e+19
0.008908025392938649,8135861278423765.0,-3.061401173341184e+20,1356.7552121417782,4.320524698289062e+19
0.008918025392938648,8123413616422509.0,-3.0272589463666314e+20,1355.8619857371614,4.271773590147538e+19
0.008928025392938648,8111002612245642.0,-2.993541339617452e+20,1354.9710886419118,4.223635906517054e+19
0.008938025392938647,8098628113555254.0,-2.9602425011793265e+20,1354.082510260979,4.1761031039043445e+19
0.008948025392938647,8086289968934446.0,-2.927356668028619e+20,1353.1962400699247,4.129166769782349e+19
0.008958025392938647,8073988027880193.0,-2.894878164549101e+20,1352.3122676142443,4.082818620388417e+19
0.008968025392938646,8061722140796508.0,-2.8628014010793715e+20,1351.4305825087947,4.037050498567615e+19
0.008978025392938646,8049492158987262.0,-2.8311208724831955e+20,1350.5511744371324,3.991854371650976e+19
0.008988025392938645,8037297934649346.0,-2.7998311567480508e+20,1349.674033150921,3.947222329375202e+19
0.008998025392938645,8025139320866014.0,-2.768926913609564e+20,1348.7991484693625,3.9031465818414965e+19
0.009008025392938645,8013016171599927.0,-2.7384028831977718e+20,1347.9265102785428,3.859619457506877e+19
0.009018025392938644,8000928341686614.0,-2.708253884711859e+20,1347.056108530905,3.816633401217812e+19
0.009028025392938644,7988875686827700.0,-2.678474815114685e+20,1346.1879332446067,3.774180972273834e+19
0.009038025392938643,7976858063584438.0,-2.649060647854716e+20,1345.3219745029978,3.7322548425314705e+19
0.009048025392938643,7964875329371185.0,-2.6200064316082025e+20,1344.458222454026,3.690847794538918e+19
0.009058025392938642,7952927342448823.0,-2.591307289044332e+20,1343.59666730966,3.6499527197049086e+19
0.009068025392938642,7941013961918613.0,-2.5629584156144923e+20,1342.7372993453762,3.609562616503083e+19
0.009078025392938642,7929135047715618.0,-2.5349550783600938e+20,1341.8801088995613,3.5696705887048704e+19
0.009088025392938641,7917290460602594.0,-2.5072926147445172e+20,1341.0250863730046,3.530269843647585e+19
0.00909802539293864,7905480062163752.0,-2.4799664315039393e+20,1340.1722222283383,3.491353690531268e+19
0.00910802539293864,7893703714798471.0,-2.4529720035194316e+20,1339.321506989507,3.452915538746961e+19
0.00911802539293864,7881961281715461.0,-2.4263048727098265e+20,1338.4729312412662,3.414948896235862e+19
0.00912802539293864,7870252626926411.0,-2.3999606469416727e+20,1337.6264856286075,3.377447367874542e+19
0.00913802539293864,7858577615240206.0,-2.373934998962151e+20,1336.782160856302,3.3404046538935337e+19
0.009148025392938639,7846936112256997.0,-2.3482236653483082e+20,1335.9399476883702,3.3038145483209273e+19
0.009158025392938638,7835327984362136.0,-2.3228224454742632e+20,1335.0998369475383,3.267670937452817e+19
0.009168025392938638,7823753098720519.0,-2.2977272004999247e+20,1334.261819514804,3.2319677983550722e+19
0.009178025392938638,7812211323270718.0,-2.2729338523738915e+20,1333.4258863288933,3.1966991973871313e+19
0.009188025392938637,7800702526719365.0,-2.2484383828566314e+20,1332.5920283858093,3.161859288755322e+19
0.009198025392938637,7789226578535412.0,-2.224236832558788e+20,1331.7602367383245,3.127442313089355e+19
0.009208025392938636,7777783348944503.0,-2.200325299997334e+20,1330.930502495504,3.0934425960448676e+19
0.009218025392938636,7766372708923353.0,-2.176699940668087e+20,1330.1028168222351,3.0598545469307544e+19
0.009228025392938636,7754994530194385.0,-2.1533569661350157e+20,1329.2771709387803,3.026672657361175e+19
0.009238025392938635,7743648685220173.0,-2.130292643133991e+20,1328.4535561202827,2.9938914999293833e+19
0.009248025392938635,7732335047197949.0,-2.107503292693554e+20,1327.6319636963287,2.9615057269067133e+19
0.009258025392938634,7721053490054298.0,-2.084985289269651e+20,1326.812385050468,2.9295100689626083e+19
0.009268025392938634,7709803888439880.0,-2.0627350598977572e+20,1325.994811619821,2.8978993339099775e+19
0.009278025392938634,7698586117724097.0,-2.040749083356313e+20,1325.1792348945714,2.8666684054682423e+19
0.009288025392938633,7687400053989864.0,-2.0190238893475113e+20,1324.3656464175665,2.8358122420515332e+19
0.009298025392938633,7676245574028429.0,-1.9975560576908666e+20,1323.5540377838713,2.8053258755761996e+19
0.009308025392938632,7665122555334241.0,-1.9763422175308736e+20,1322.7444006403339,2.7752044102893326e+19
0.009318025392938632,7654030876099873.0,-1.955379046558658e+20,1321.9367266851682,2.745443021617933e+19
0.009328025392938631,7642970415210917.0,-1.9346632702467562e+20,1321.131007667531,2.716036955037823e+19
0.009338025392938631,7631941052241059.0,-1.9141916610969888e+20,1320.3272353871012,2.68698152496192e+19
0.00934802539293863,7620942667447058.0,-1.8939610379013734e+20,1319.5254016936683,2.6582721136479683e+19
0.00935802539293863,7609975141763834.0,-1.8739682650157426e+20,1318.7254984867275,2.6299041701251203e+19
0.00936802539293863,7599038356799653.0,-1.8542102516456584e+20,1317.927517715075,2.60187320913892e+19
0.00937802539293863,7588132194831216.0,-1.8346839511445887e+20,1317.1314513764078,2.5741748101143826e+19
0.009388025392938629,7577256538798928.0,-1.815386360323882e+20,1316.3372915169218,2.546804616136781e+19
0.009398025392938629,7566411272302118.0,-1.7963145187748715e+20,1315.545030230931,2.5197583329503515e+19
0.009408025392938628,7555596279594361.0,-1.7774655082021385e+20,1314.7546596604734,2.4930317279736648e+19
0.009418025392938628,7544811445578794.0,-1.7588364517681565e+20,1313.9661719949247,2.4666206293318996e+19
0.009428025392938627,7534056655803468.0,-1.740424513449263e+20,1313.1795594706234,2.4405209249058832e+19
0.009438025392938627,7523331796456829.0,-1.722226897402495e+20,1312.3948143705022,2.414728561397493e+19
0.009448025392938627,7512636754363057.0,-1.704240847342133e+20,1311.6119290236754,2.3892395434093375e+19
0.009458025392938626,7501971416977698.0,-1.6864636459291646e+20,1310.8308958051373,2.3640499325434896e+19
0.009468025392938626,7491335672383110.0,-1.6688926141683004e+20,1310.051707135345,2.3391558465118466e+19
0.009478025392938625,7480729409284041.0,-1.6515251108167772e+20,1309.2743554798733,2.31455345826361e+19
0.009488025392938625,7470152517003280.0,-1.6343585318027598e+20,1308.4988333490646,2.2902389951272915e+19
0.009498025392938625,7459604885477222.0,-1.6173903096529676e+20,1307.725133297653,2.266208737966371e+19
0.009508025392938624,7449086405251666.0,-1.600617912931321e+20,1306.9532479244579,2.242459020351044e+19
0.009518025392938624,7438596967477367.0,-1.5840388456842592e+20,1306.1831698719595,2.21898622774058e+19
0.009528025392938623,7428136463905963.0,-1.5676506468991025e+20,1305.4148918260491,2.1957867966840807e+19
0.009538025392938623,7417704786885692.0,-1.5514508899681144e+20,1304.648406515628,2.1728572140305424e+19
0.009548025392938623,7407301829357177.0,-1.5354371821628077e+20,1303.8837067122734,2.1501940161537786e+19
0.009558025392938622,7396927484849376.0,-1.5196071641176533e+20,1303.1207852299367,2.1277937881912316e+19
0.009568025392938622,7386581647475380.0,-1.503958509320859e+20,1302.3596349245743,2.105653163293513e+19
0.009578025392938621,7376264211928487.0,-1.488488923615484e+20,1301.6002486938728,2.0837688218889867e+19
0.009588025392938621,7365975073477960.0,-1.4731961447062454e+20,1300.842619476851,2.062137490957234e+19
0.00959802539293862,7355714127965199.0,-1.4580779416773483e+20,1300.0867402536087,2.0407559433183896e+19
0.00960802539293862,7345481271799702.0,-1.443132114516168e+20,1299.3326040449695,2.0196209969315086e+19
0.00961802539293862,7335276401955135.0,-1.4283564936459133e+20,1298.5802039121877,1.9987295142060794e+19
0.00962802539293862,7325099415965488.0,-1.4137489394653612e+20,1297.8295329566254,1.9780784013242003e+19
0.009638025392938619,7314950211921083.0,-1.3993073418964653e+20,1297.0805843194448,1.957664607574225e+19
0.009648025392938618,7304828688464838.0,-1.3850296199392308e+20,1296.3333511812998,1.9374851246954177e+19
0.009658025392938618,7294734744788434.0,-1.3709137212342564e+20,1295.5878267620467,1.9175369862337098e+19
0.009668025392938618,7284668280628491.0,-1.3569576216318353e+20,1294.8440043204275,1.897817266907509e+19
0.009678025392938617,7274629196262947.0,-1.3431593247689615e+20,1294.1018771538002,1.8783230819848176e+19
0.009688025392938617,7264617392507185.0,-1.329516861651927e+20,1293.3614385978037,1.8590515866691953e+19
0.009698025392938616,7254632770710466.0,-1.3160282902473055e+20,1292.6226820261074,1.8399999754975316e+19
0.009708025392938616,7244675232752289.0,-1.3026916950784793e+20,1291.8856008501075,1.8211654817465506e+19
0.009718025392938616,7234744681038655.0,-1.289505186828867e+20,1291.1501885186285,1.8025453768489824e+19
0.009728025392938615,7224841018498524.0,-1.2764669019518981e+20,1290.4164385176482,1.7841369698198327e+19
0.009738025392938615,7214964148580324.0,-1.2635750022876463e+20,1289.684344370041,1.7659376066923119e+19
0.009748025392938614,7205113975248327.0,-1.250827674684722e+20,1288.953899635273,1.7479446699619473e+19
0.009758025392938614,7195290402979193.0,-1.23822313062882e+20,1288.22509790913,1.7301555780402446e+19
0.009768025392938614,7185493336758468.0,-1.2257596058774672e+20,1287.4979328234572,1.7125677847176192e+19
0.009778025392938613,7175722682077104.0,-1.213435360100244e+20,1286.7723980458786,1.6951787786344262e+19
0.009788025392938613,7165978344928120.0,-1.20124867652502e+20,1286.0484872795353,1.6779860827610014e+19
0.009798025392938612,7156260231803106.0,-1.1891978615899618e+20,1285.3261942628237,1.6609872538860489e+19
0.009808025392938612,7146568249688961.0,-1.177281244600923e+20,1284.6055127691309,1.6441798821131643e+19
0.009818025392938612,7136902306064480.0,-1.1654971773943692e+20,1283.8864366065727,1.6275615903655778e+19
0.009828025392938611,7127262308897053.0,-1.1538440340058305e+20,1283.1689596177378,1.6111300338988698e+19
0.00983802539293861,7117648166639397.0,-1.1423202103435279e+20,1282.4530756794331,1.5948828998215993e+19
0.00984802539293861,7108059788226235.0,-1.1309241238671211e+20,1281.7387787024204,1.5788179066233528e+19
0.00985802539293861,7098497083071188.0,-1.119654213272319e+20,1281.026062631204,1.56293280371145e+19
0.00986802539293861,7088959961063427.0,-1.1085089381791184e+20,1280.3149214437326,1.5472253709532166e+19
0.009878025392938609,7079448332564606.0,-1.0974867788265506e+20,1279.6053491511998,1.5316934182275946e+19
0.009888025392938609,7069962108405556.0,-1.0865862357706193e+20,1278.897339797743,1.5163347849818305e+19
0.009898025392938608,7060501199883312.0,-1.0758058295890564e+20,1278.1908874602736,1.5011473397978442e+19
0.009908025392938608,7051065518757905.0,-1.0651441005888355e+20,1277.4859862481856,1.4861289799629953e+19
0.009918025392938607,7041654977249295.0,-1.0545996085194172e+20,1276.7826303031372,1.4712776310492152e+19
0.009928025392938607,7032269488034348.0,-1.0441709322903031e+20,1276.0808137988213,1.4565912464984666e+19
0.009938025392938607,7022908964243758.0,-1.0338566696928408e+20,1275.380530940724,1.442067807214575e+19
0.009948025392938606,7013573319459033.0,-1.023655437126643e+20,1274.681775965898,1.4277053211617827e+19
0.009958025392938606,7004262467709515.0,-1.0135658693299983e+20,1273.9845431427218,1.41350182296939e+19
0.009968025392938605,6994976323469429.0,-1.0035866191152506e+20,1273.2888267707067,1.3994553735434418e+19
0.009978025392938605,6985714801654947.0,-9.937163571074864e+19,1272.5946211802484,1.3855640596835709e+19
0.009988025392938605,6976477817621239.0,-9.839537714876152e+19,1271.9019207324013,1.3718259937062203e+19
0.009998025392938604,6967265287159574.0,-9.74297567739593e+19,1271.2107198186652,1.358239313074055e+19
0.010008025392938604,6958077126494471.0,-9.647464684016753e+19,1270.5210128607748,1.3448021800311917e+19
0.010018525392938604,6948456315023666.0,-9.548301325581094e+19,1269.7984644534667,1.3308529769989857e+19
0.010029550392938603,6938383841517297.0,-9.445402354250503e+19,1269.041593563494,1.3163802115067955e+19
0.010041126642938604,6927839998210198.0,-9.338688324425813e+19,1268.2488604910766,1.301372944103343e+19
0.010053281705438604,6916804368601346.0,-9.228084299923902e+19,1267.4186653480547,1.2858208886692872e+19
0.010066044521063603,6905255817065149.0,-9.11352061284806e+19,1266.5493465806549,1.26971451991193e+19
0.010079445477469853,6893172480320696.0,-8.994933673643749e+19,1265.639179548352,1.2530451880019573e+19
0.010093516481696416,6880531760919765.0,-8.872266831812248e+19,1264.6863751711066,1.2358052402489754e+19
0.010108291036134306,6867310322984779.0,-8.745471286081182e+19,1263.689078658511,1.2179881496190736e+19
0.010123804318294091,6853484090474558.0,-8.614507042015427e+19,1262.645368335392,1.1995886497827957e+19
0.010140093264561865,6839028248292484.0,-8.47934391417899e+19,1261.5532545798085,1.1806028762565292e+19
0.010157196658143028,6823917246581525.0,-8.339962568910302e+19,1260.4106788903712,1.1610285130513482e+19
0.01017515522140325,6808124808581344.0,-8.196355602692558e+19,1259.2155131014272,1.1408649440878352e+19
0.010194011712826483,6791623942450392.0,-8.048528649807648e+19,1257.9655587655418,1.120113408451903e+19
0.010213811028820878,6774386957485684.0,-7.896501511645928e+19,1256.6585467243037,1.0987771583785396e+19
0.010234600310614992,6756385485202553.0,-7.74030929856989e+19,1255.2921368896634,1.0768616186412786e+19
0.010256429056498812,6737590505766814.0,-7.580003573675344e+19,1253.8639182592947,1.0543745458049305e+19
0.010279349239676822,6717972380303617.0,-7.415653486177185e+19,1252.3714091909198,1.0313261855708482e+19
0.010303415432013734,6697500889635809.0,-7.247346880392052e+19,1250.8120579612175,1.0077294261976654e+19
0.01032868493396749,6676145280038143.0,-7.075191364635154e+19,1249.1832436367727,9.835999457476954e+18
0.010355217911018934,6653874316623420.0,-6.899315322561303e+19,1247.4822772851253,9.589563506607356e+18
0.01038307753692295,6630656345005213.0,-6.719868847752303e+19,1245.7064035546161,9.338203029178077e+18
0.010412330144122166,6606459361914433.0,-6.5370245808371294e+19,1243.8528026534862,9.082166328482854e+18
0.010443045381681344,6581251095471205.0,-6.35097842681285e+19,1241.9185927579676,8.821734344149853e+18
0.01047529638111848,6554999095842774.0,-6.161950129068078e+19,1239.900832880633,8.557221396556123e+18
0.010509159930527475,6527670837038436.0,-5.970183675478234e+19,1237.7965262292398,8.288975688124854e+18
0.010544716657406918,6499233830617503.0,-5.775947511382158e+19,1235.6026240873503,8.017379526160753e+18
0.010582051220630334,6469655752101352.0,-5.5795345338818036e+19,1233.3160302463775,7.742849231542294e+18
0.01062125251201492,6438904580895284.0,-5.381261842214256e+19,1230.93360601846,7.465834698200432e+18
0.010662413867968736,6406948754534955.0,-5.181470219742933e+19,1228.452175857911,7.186818569656401e+18
0.010705633291720243,6373757338075484.0,-4.9805233246198555e+19,1225.8685336172289,6.906315001243761e+18
0.010751013686659325,6339300209442330.0,-4.778806568464783e+19,1223.1794494620294,6.624867980120335e+18
0.010798663101345361,6303548261547878.0,-4.576725665341767e+19,1220.3816774648467,6.343049179593186e+18
0.01084866310134536,6266496966146024.0,-4.374829762490367e+19,1217.473800114962,6.061629406715298e+18
0.01089866310134536,6229903789782854.0,-4.1827349083306385e+19,1214.5933368063845,5.794005953789434e+18
0.01094866310134536,6193762382611060.0,-3.9999210399784305e+19,1211.739852688294,5.53943928205853e+18
0.01099866310134536,6158066411837015.0,-3.825898081849327e+19,1208.9129226472094,5.297232795802021e+18
0.01104866310134536,6122809619448398.0,-3.660204073321638e+19,1206.1121310263463,5.066730195251199e+18
0.011098663101345359,6087985846275067.0,-3.502403423838082e+19,1203.3370713548554,4.847312982542623e+18
0.011148663101345359,6053589042683072.0,-3.3520852856892563e+19,1200.587346086378,4.638398123467064e+18
0.011198663101345359,6019613273003624.0,-3.2088620353540428e+19,1197.8625663470277,4.439435859510075e+18
0.011248663101345358,5986052716704005.0,-3.0723678552951484e+19,1195.1623516914958,4.249907662096511e+18
0.011298663101345358,5952901667771944.0,-2.942257408993589e+19,1192.486329867718,4.0693243203921096e+18
0.011348663101345358,5920154533096733.0,-2.8182046025666183e+19,1189.8341365893325,3.8972241539501087e+18
0.011398663101345357,5887805830286076.0,-2.699901426882837e+19,1187.2054153156907,3.7331713418487025e+18
0.011448663101345357,5855850185174390.0,-2.5870568745804042e+19,1184.5998170396551,3.57675436043354e+18
0.011498663101345357,5824282329169569.0,-2.4793959267504222e+19,1182.0170000818548,3.427584522178635e+18
0.011548663101345356,5793097096530369.0,-2.3766586045339177e+19,1179.4566298922396,3.2852946087973883e+18
0.011598663101345356,5762289421627130.0,-2.2785990811485282e+19,1176.9183788578457,3.1495375921035064e+18
0.011648663101345356,5731854336220534.0,-2.184984850252332e+19,1174.4019261172164,3.019985436659632e+18
0.011698663101345355,5701786966777017.0,-2.095595946793518e+19,1171.9069573804961,2.8963279786045635e+18
0.011748663101345355,5672082531834183.0,-2.0102242168221987e+19,1169.433164755476,2.7782718755120174e+18
0.011798663101345355,5642736339423930.0,-1.928672632975078e+19,1166.9802465794291,2.6655396224793897e+18
0.011848663101345355,5613743784557781.0,-1.8507546525719704e+19,1164.5479072563653,2.5578686299789645e+18
0.011898663101345354,5585100346774174.0,-1.7762936154631815e+19,1162.1358570987084,2.4550103593005573e+18
0.011948663101345354,5556801587753567.0,-1.7051221790604745e+19,1159.7438121753148,2.3567295118241546e+18
0.011998663101345354,5528843148997228.0,-1.637081788021202e+19,1157.3714941631745,2.2628032684491464e+18
0.012048663101345353,5501220749571978.0,-1.5720221763655483e+19,1155.0186302043935,2.1730205759302008e+18
0.012098663101345353,5473930183918676.0,-1.509800899876037e+19,1152.6849527672407,2.0871814769919895e+18
0.012148663101345353,5446967319724796.0,-1.450282896830399e+19,1150.3701995118377,2.0050964813787802e+18
0.012198663101345352,5420328095859243.0,-1.3933400752174709e+19,1148.0741131597854,1.926585975148246e+18
0.012248663101345352,5394008520368580.0,-1.3388509247371524e+19,1145.796441367886,1.8514796657349524e+18
0.012298663101345352,5368004668533195.0,-1.2867001519879365e+19,1143.5369366055806,1.779616060462382e+18
0.012348663101345352,5342312680983121.0,-1.2367783373731994e+19,1141.2953560365263,1.7108419763655183e+18
0.012398663101345351,5316928761871005.0,-1.1889816123239283e+19,1139.0714614032818,1.645012079290702e+18
0.012448663101345351,5291849177101100.0,-1.1432113555626875e+19,1136.8650189154441,1.5819884504180147e+18
0.01249866310134535,5267070252614106.0,-1.099373907216457e+19,1134.6757991415363,1.5216401784737165e+18
0.01254866310134535,5242588372725735.0,-1.0573802996427305e+19,1132.503576903822,1.4638429759885972e+18
0.01259866310134535,5218399978517884.0,-1.0171460039311516e+19,1130.348131176255,1.4084788180956035e+18
0.01264866310134535,5194501566281646.0,-9.785906911076387e+18,1128.2092449856098,1.355435602456294e+18
0.01269866310134535,5170889686010095.0,-9.41638007120378e+18,1126.08670531517,1.3046068289842924e+18
0.01274866310134535,5147560939940399.0,-9.062153607679295e+18,1123.9803030114556,1.2558912981477335e+18
0.012798663101345349,5124511981143771.0,-8.722537237681384e+18,1121.8898326935594,1.2091928266925192e+18
0.012848663101345349,5101739512162466.0,-8.396874422299623e+18,1119.815092665304,1.16441997971803e+18
0.012898663101345348,5079240283692060.0,-8.084540588240636e+18,1117.7558848295469,1.1214858180895844e+18
0.012948663101345348,5057011093308223.0,-7.784941450126757e+18,1115.712014605131,1.0803076602612621e+18
0.012998663101345348,5035048784237049.0,-7.497511427279921e+18,1113.6832908462434,1.0408068576281969e+18
0.013048663101345347,5013350244167501.0,-7.221712149278195e+18,1111.6695257638987,1.0029085825840502e+18
0.013098663101345347,4991912404105122.0,-6.957031045007205e+18,1109.6705348497665,9.665416285216381e+17
0.013148663101345347,4970732237265737.0,-6.702980010181208e+18,1107.6861368019595,9.316382210529088e+17
0.013198663101345346,4949806758008277.0,-6.459094148714988e+18,1105.7161534530458,8.981338397817036e+17
0.013248663101345346,4929133020805507.0,-6.224930583535152e+18,1103.7604096999123,8.659670499947622e+17
0.013298663101345346,4908708119251769.0,-6.000067332767116e+18,1101.8187334356492,8.350793436853096e+17
0.013348663101345346,4888529185106462.0,-5.784102247434513e+18,1099.8909554831835,8.054149893536986e+17
0.013398663101345345,4868593387372523.0,-5.576652007096006e+18,1097.9769095307927,7.769208900706447e+17
0.013448663101345345,4848897931408799.0,-5.377351170040229e+18,1096.0764320694077,7.495464493172529e+17
0.013498663101345345,4829440058075337.0,-5.185851274866308e+18,1094.189362331583,7.232434441461704e+17
0.013548663101345344,4810217042910348.0,-5.001819990460729e+18,1092.3155422318757,6.979659052350476e+17
0.013598663101345344,4791226195338368.0,-4.824940311647263e+18,1090.4548163092022,6.73670003440048e+17
0.013648663101345344,4772464857908113.0,-4.654909797812858e+18,1088.607031670328,6.503139424640321e+17
0.013698663101345343,4753930405559491.0,-4.4914398521215693e+18,1086.7720379351347,6.278578572957641e+17
0.013748663101345343,4735620244918800.0,-4.3342550389780424e+18,1084.9496871833164,6.062637180854877e+17
0.013798663101345343,4717531813620697.0,-4.1830924375389553e+18,1083.1398339020545,5.854952391420698e+17
0.013848663101345342,4699662579656844.0,-4.0377010293339715e+18,1081.3423349357538,5.6551779277237146e+17
0.013898663101345342,4682010040749464.0,-3.8978411179500984e+18,1079.5570494362846,5.4629832767238995e+17
0.013948663101345342,4664571723749734.0,-3.763283779113438e+18,1077.7838388152754,5.2780529162939456e+17
0.013998663101345342,4647345184059529.0,-3.6338103393621545e+18,1076.0225666970548,5.1000855827886694e+17
0.014048663101345341,4630328005075906.0,-3.5092118817828485e+18,1074.2730988729752,4.928793576966889e+17
0.014098663101345341,4613517797657477.0,-3.389288777297579e+18,1072.5353032569228,4.763902106107643e+17
0.01414866310134534,4596912199611989.0,-3.27385024009931e+18,1070.8090498420995,4.60514866031745e+17
0.01419866310134534,4580508875203911.0,-3.162713905869434e+18,1069.094210658464,4.45228242108494e+17
0.01424866310134534,4564305514681659.0,-3.0557054315877596e+18,1067.39065973167,4.305063700375681e+17
0.01429866310134534,4548299833823460.0,-2.9526581157149133e+18,1065.6982730428515,4.163263408535149e+17
0.01434866310134534,4532489573501107.0,-2.8534125376491284e+18,1064.0169284893616,4.0266625494329434e+17
0.01439866310134534,4516872499260838.0,-2.7578162154118595e+18,1062.3465058464071,3.895051741359e+17
0.014448663101345339,4501446400920770.0,-2.6657232805985034e+18,1060.686886729905,3.7682307622960864e+17
0.014498663101345339,4486209092184073.0,-2.576994169637124e+18,1059.0379545600542,3.646008118211719e+17
0.014548663101345338,4471158410267090.0,-2.491495330487824e+18,1057.3995945256786,3.528200633133201e+17
0.014598663101345338,4456292215541961.0,-2.4090989439777915e+18,1055.7716935497012,3.414633059859575e+17
0.014648663101345338,4441608391192912.5,-2.329682658968335e+18,1054.1541402552457,3.3051377101706355e+17
0.014698663101345337,4427104842885693.5,-2.253129340637497e+18,1052.5468249326743,3.199554103513602e+17
0.014748663101345337,4412779498449422.5,-2.1793268311709066e+18,1050.9496395072383,3.097728633164498e+17
0.014798663101345337,4398630307570395.5,-2.1081677222266127e+18,1049.3624775077217,2.999514248961352e+17
0.014848663101345336,4384655241497175.0,-2.0395491385385838e+18,1047.7852340356828,2.9047701557103334e+17
0.014898663101345336,4370852292756397.5,-1.973372532081947e+18,1046.2178057353765,2.813361526445997e+17
0.014948663101345336,4357219474878879.0,-1.9095434862608855e+18,1044.6600907646032,2.725159229779211e+17
0.014998663101345336,4343754822135336.5,-1.8479715295779715e+18,1043.1119887659725,2.6400395705697133e+17
0.015048663101345335,4330456389281322.5,-1.7885699583124155e+18,1041.5734008389873,2.557884043250622e+17
0.015098663101345335,4317322251310852.0,-1.731255667732125e+18,1040.0442295126688,2.4785790971342022e+17
0.015148663101345335,4304350503218311.5,-1.6759489914128238e+18,1038.5243787190132,2.4020159130930752e+17
0.015198663101345334,4291539259768123.0,-1.6225735482316357e+18,1037.0137537667952,2.328090191007592e+17
0.015248663101345334,4278886655271790.0,-1.5710560966610862e+18,1035.5122613161718,2.2567019474475184e+17
0.015298663101345334,4266390843371896.5,-1.5213263959795727e+18,1034.0198093537308,2.1877553230477712e+17
0.015348663101345333,4254049996832668.0,-1.473317074056551e+18,1032.536307168202,2.1211583990933725e+17
0.015398663101345333,4241862307336713.5,-1.4269635013740004e+18,1031.0616653266493,2.056823022837198e+17
0.015448663101345333,4229825985287579.5,-1.382203670971933e+18,1029.5957956511586,1.9946646411089514e+17
0.015498663101345332,4217939259617838.0,-1.3389780840287086e+18,1028.1386111962843,1.9346021418064848e+17
0.015548663101345332,4206200377602249.0,-1.2972296407736983e+18,1026.6900262265474,1.8765577028454256e+17
0.015598663101345332,4194607604675841.5,-1.2569035364962112e+18,1025.2499561949755,1.8204566482302806e+17
0.01564866310134533,4183159224256490.5,-1.2179471623666284e+18,1023.8183177216087,1.7662273108507744e+17
0.015698663101345333,4171853537571790.5,-1.1803100108571722e+18,1022.3950285728616,1.7138009017005347e+17
0.015748663101345334,4160688863489942.0,-1.1439435855201487e+18,1020.9800076411949,1.6631113851791366e+17
0.015798663101345336,4149663538354352.5,-1.1088013149104663e+18,1019.5731749251064,1.614095360177116e+17
0.015848663101345337,4138775915821759.0,-1.074838470456104e+18,1018.1744515096974,1.5666919466668138e+17
0.01589866310134534,4128024366703663.0,-1.0420120880815571e+18,1016.7837595477403,1.5208426775251494e+17
0.01594866310134534,4117407278810799.0,-1.0102808933922904e+18,1015.4010222408455,1.476491395319475e+17
0.01599866310134534,4106923056800514.0,-9.796052302640676e+17,1014.0261638214284,1.4335841538349909e+17
0.016048663101345343,4096570122026810.5,-9.499469926549558e+17,1012.6591095347196,1.3920691240899026e+17
0.016098663101345344,4086346912392924.0,-9.212695594988015e+17,1011.2997856214366,1.3518965046382454e+17
0.016148663101345346,4076251882206203.0,-8.935377325182566e+17,1009.9481193004789,1.3130184359347162e+17
0.016198663101345347,4066283502035221.0,-8.667176768330157e+17,1008.6040387523708,1.2753889185852109e+17
0.01624866310134535,4056440258568925.0,-8.407768642177663e+17,1007.2674731028861,1.2389637352803514e+17
0.01629866310134535,4046720654477661.0,-8.156840188828745e+17,1005.9383524067781,1.203700376233992e+17
0.01634866310134535,4037123208276028.5,-7.914090656719968e+17,1004.6166076323399,1.1695579679769198e+17
0.016398663101345353,4027646454187371.0,-7.679230805438493e+17,1003.302170645826,1.1364972053216862e+17
0.016448663101345355,4018288942009836.5,-7.45198243244896e+17,1001.994974196502,1.1044802863664074e+17
0.016498663101345356,4009049236983902.0,-7.232077920617722e+17,1000.6949519018792,1.0734708503828653e+17
0.016548663101345357,3999925919661244.5,-7.01925980557031e+17,999.4020382331742,1.0434339184536854e+17
0.01659866310134536,3990917585774896.5,-6.813280361984488e+17,998.1161685011643,1.0143358367328346e+17
0.01664866310134536,3982022846110608.0,-6.613901207929887e+17,996.8372788424067,9.86144222205266e+16
0.01669866310134536,3973240326379332.5,-6.420892926383468e+17,995.5653062056091,9.588279108241395e+16
0.016748663101345363,3964568667090759.0,-6.234034703139265e+17,994.300188338226,9.323569079164549e+16
0.016798663101345365,3956006523427863.0,-6.053113980400726e+17,993.0418637735847,9.067023407571816e+16
0.016848663101345366,3947552565122375.5,-5.877926125235484e+17,991.7902718178696,8.818364131983243e+16
0.016898663101345367,3939205476331163.5,-5.70827411233239e+17,990.5453525378001,8.577323622736707e+16
0.01694866310134537,3930963955513446.5,-5.543968220295485e+17,989.3070467482253,8.343644166734366e+16
0.01699866310134537,3922826715308818.0,-5.384825740932908e+17,988.0752960001653,8.117077570125531e+16
0.01704866310134537,3914792482416028.0,-5.230670700889343e+17,986.850042568847,7.897384778023317e+16
0.017098663101345373,3906859997472510.0,-5.0813335951451635e+17,985.6312294423763,7.684335510584787e+16
0.017148663101345375,3899028014934598.5,-4.9366511317372486e+17,984.4188003101834,7.477707914563571e+16
0.017198663101345376,3891295302958425.0,-4.7964659872880506e+17,983.212699551977,7.277288229752984e+16
0.017248663101345377,3883660643281473.0,-4.660626572819393e+17,982.012872226907,7.082870469595e+16
0.01729866310134538,3876122831104752.0,-4.528986809370227e+17,980.819264062752,6.894256115285712e+16
0.01734866310134538,3868680674975590.5,-4.401405913021132e+17,979.6318214454847,6.711253822824453e+16
0.01739866310134538,3861332996671026.5,-4.277748188880717e+17,978.450491408988,6.533679142388421e+16
0.017448663101345383,3854078631081779.5,-4.1578828336399597e+17,977.2752216249561,6.361354249486574e+16
0.017498663101345385,3846916426096791.5,-4.041683746317608e+17,976.1059603929975,6.194107687368349e+16
0.017548663101345386,3839845242488334.5,-3.9290293468331674e+17,974.9426566309273,6.031774120183452e+16
0.017598663101345387,3832863953797666.5,-3.819802402061378e+17,973.7852598652289,5.874194096412799e+16
0.01764866310134539,3825971446221239.0,-3.713889859045483e+17,972.6337202217429,5.7212138221221064e+16
0.01769866310134539,3819166618497443.0,-3.6111826850380704e+17,971.4879884163943,5.57268494358075e+16
0.017748663101345392,3812448381793898.0,-3.511575714110504e+17,970.3480157463799,5.428464338884808e+16
0.017798663101345393,3805815659595272.0,-3.41496749998763e+17,969.2137540811847,5.2884139181116024e+16
0.017848663101345395,3799267387591636.0,-3.321260174883414e+17,968.085155853928,5.152400431692911e+16
0.017898663101345396,3792802513567355.0,-3.230359314066998e+17,966.9621740529325,5.0202952866335816e+16
0.017948663101345397,3786419997290508.5,-3.1421738058970477e+17,965.844762213334,4.891974370213342e+16
0.0179986631013454,3780118810402847.0,-3.0566157271001466e+17,964.7328744088574,4.767317880860864e+16
0.0180486631013454,3773897936310283.5,-2.9736002230731014e+17,963.6264652438322,4.6462101658971944e+16
0.018098663101345402,3767756370073921.0,-2.89304539298065e+17,962.5254898452671,4.528539565831469e+16
0.018148663101345403,3761693118301622.5,-2.8148721794507213e+17,961.4299038550731,4.414198264937338e+16
0.018198663101345405,3755707199040120.0,-2.739004262675733e+17,960.3396634224918,4.303082147844698e+16
0.018248663101345406,3749797641667673.0,-2.665367958728433e+17,959.2547251966732,4.19509066188333e+16
0.018298663101345407,3743963486787271.0,-2.5938921218986832e+17,958.1750463191711,4.090126684910825e+16
0.01834866310134541,3738203786120392.5,-2.5245080509174966e+17,957.1005844168914,3.988096398441749e+16
0.01839866310134541,3732517602401320.0,-2.457149398867237e+17,956.0312975949346,3.888909165799844e+16
0.018448663101345412,3726904009272013.0,-2.3917520866455898e+17,954.9671444296708,3.792477415111799e+16
0.018498663101345413,3721362091177548.0,-2.3282542198260867e+17,953.9080839619171,3.69871652692611e+16
0.018548663101345415,3715890943262125.0,-2.2665960087761072e+17,952.8540756902634,3.607544726265677e+16
0.018598663101345416,3710489671265648.5,-2.2067196918858022e+17,951.8050795643572,3.5188829789124364e+16
0.018648663101345418,3705157391420882.5,-2.148569461805899e+17,950.7610559786193,3.432654891784564e+16
0.01869866310134542,3699893230351189.5,-2.0920913945305574e+17,949.7219657657031,3.348786617180376e+16
0.01874866310134542,3694696324968851.0,-2.0372333812475325e+17,948.6877701904067,3.267206760782853e+16
0.018798663101345422,3689565822373979.0,-1.983945062806316e+17,947.6584309433949,3.1878462932193428e+16
0.018848663101345423,3684500879754020.0,-1.9321777667254707e+17,946.633910135267,3.1106384650691676e+16
0.018898663101345425,3679500664283854.5,-1.8818844466151283e+17,945.6141702905929,3.0355187251482292e+16
0.018948663101345426,3674564353026498.0,-1.8330196239243354e+17,944.5991743420775,2.9624246419474796e+16
0.018998663101345428,3669691132834403.5,-1.7855393319200512e+17,943.5888856248903,2.8912958280976292e+16
0.01904866310134543,3664880200251374.5,-1.7394010617970915e+17,942.5832678709497,2.822073867721477e+16
0.01909866310134543,3660130761415085.0,-1.694563710848723e+17,941.5822852035094,2.7547022465791264e+16
0.019148663101345432,3655442031960214.5,-1.6509875325934518e+17,940.5859021315836,2.689126284861389e+16
0.019198663101345433,3650813236922201.5,-1.6086340888031648e+17,939.5940835447512,2.6252930725584916e+16
0.019248663101345435,3646243610641611.5,-1.5674662033337773e+17,938.6067947078341,2.563151407267094e+16
0.019298663101345436,3641732396669133.5,-1.5274479176968147e+17,937.6240012556893,2.502651734352659e+16
0.019348663101345438,3637278847671196.5,-1.488544448305128e+17,936.6456691881936,2.443746089375901e+16
0.01939866310134544,3632882225336213.5,-1.4507221453191245e+17,935.6717648652576,2.386388042682632e+16
0.01944866310134544,3628541800281457.0,-1.4139484530315725e+17,934.7022550019135,2.3305326460726544e+16
0.019498663101345442,3624256851960563.5,-1.3781918717282814e+17,933.7371066634294,2.2761363814618704e+16
0.019548663101345443,3620026668571672.5,-1.3434219209723176e+17,932.7762872606185,2.2231571114671136e+16
0.019598663101345445,3615850546966201.5,-1.3096091042498445e+17,931.8197645451962,2.1715540318287744e+16
0.019648663101345446,3611727792558252.5,-1.2767248749228674e+17,930.8675066051525,2.1212876255967132e+16
0.019698663101345448,3607657719234663.0,-1.2447416034410493e+17,929.9194818602385,2.072319619014729e+16
0.01974866310134545,3603639649265694.0,-1.2136325457601763e+17,928.9756590574807,2.0246129390317812e+16
0.01979866310134545,3599672913216355.0,-1.1833718129280069e+17,928.0360072669674,1.9781316723878964e+16
0.019848663101345452,3595756849858375.5,-1.1539343417751851e+17,927.1004958773959,1.9328410261877908e+16
0.019898663101345453,3591890806082815.0,-1.1252958666859229e+17,926.1690945919248,1.888707289930213e+16
0.019948663101345455,3588074136813318.5,-1.0974328923946797e+17,925.241773423964,1.8456977989184212e+16
0.019998663101345456,3584306204920015.5,-1.07032266777679e+17,924.3185026931519,1.8037808990094296e+16
0.02,3584205492811969.5,-1.0696063152256898e+17,924.2938160308239,1.802672175721311e+16
