1.000000000000000021e-08,7.787942938332719050e-40,4.214840016357565356e-35,4.700427250318885264e-28,4.647684459343955283e-21,4.647684929386722198e-21
2.000000000000000042e-08,9.556079446006268493e-40,4.651876605518950374e-35,5.006433394354503336e-28,4.777181681289486587e-21,4.777182181932872906e-21
3.000000000000000394e-08,1.228745082404873637e-39,5.251411783410672860e-35,5.409846738669207503e-28,4.941250919791067687e-21,4.941251460775794371e-21
4.000000000000000084e-08,1.639022709337358005e-39,6.034076664542066374e-35,5.912286958943022121e-28,5.136215594346355798e-21,5.136216185575111506e-21
4.999999999999999774e-08,2.253089929242934393e-39,7.034741539671248668e-35,6.521614596291092083e-28,5.360498431909984482e-21,5.360499084071514896e-21
5.999999999999999464e-08,3.176488005504290360e-39,8.301904064782781889e-35,7.249999181394919530e-28,5.613597417959544467e-21,5.613598142959545261e-21
6.999999999999999154e-08,4.575739083902325424e-39,9.899508296536254626e-35,8.113375657366836622e-28,5.895662370240643348e-21,5.895663181578308082e-21
7.999999999999998844e-08,6.714280442087195486e-39,1.191019372335089644e-34,9.131429153149041436e-28,6.207285794964000778e-21,6.207286708107034817e-21
8.999999999999998534e-08,1.001059907910826272e-38,1.443982772381634065e-34,1.032784748727353650e-27,6.549387390446930723e-21,6.549388423231824175e-21
9.999999999999998224e-08,1.513230667416380752e-38,1.762344991570820183e-34,1.173074665544748019e-27,6.923145223570609061e-21,6.923146396645450206e-21
1.099999999999999791e-07,2.314856723379652351e-38,2.163289897708670722e-34,1.337323294179055680e-27,7.329952424336559353e-21,7.329953761660070171e-21
1.199999999999999893e-07,3.577736671719763490e-38,2.668650400952127992e-34,1.529408964909881942e-27,7.771388820694383254e-21,7.771390350103615114e-21
1.299999999999999994e-07,5.578697446391676179e-38,3.306133537733445173e-34,1.753858813864607518e-27,8.249201787642662896e-21,8.249203541501807748e-21
1.400000000000000095e-07,8.764802715914283824e-38,4.110863785047365415e-34,2.015942928065780864e-27,8.765293011158104885e-21,8.765295027101443799e-21
1.500000000000000197e-07,1.385927054965666839e-37,5.127322008516929519e-34,2.321782542851136900e-27,9.321709167026412585e-21,9.321711488809468454e-21
1.600000000000000298e-07,2.203344755501516491e-37,6.411775584986512744e-34,2.678473588586692032e-27,9.920635250408777256e-21,9.920637928883006877e-21
1.700000000000000400e-07,3.518581982289186189e-37,8.035317078770068206e-34,3.094227111352119736e-27,1.056438972827230051e-20,1.056439282250021554e-20
1.800000000000000501e-07,5.639416647641236226e-37,1.008765513469123845e-33,3.578528290584469915e-27,1.125542095586684016e-20,1.125542453439614069e-20
1.900000000000000602e-07,9.064722151008335284e-37,1.268183281829347141e-33,4.142315960103342162e-27,1.199630447005545516e-20,1.199630861237268401e-20
2.000000000000000704e-07,1.460265108697720023e-36,1.596008643680401216e-33,4.798184715160025665e-27,1.278974088506747360e-20,1.278974568325378642e-20
2.100000000000000805e-07,2.356113751922281009e-36,2.010110299941428075e-33,5.560611861144145550e-27,1.363855419231080995e-20,1.363855975292468465e-20
2.200000000000000906e-07,3.805424845244869889e-36,2.532898815744922351e-33,6.446211631294628226e-27,1.454569031843095118e-20,1.454569676464511999e-20
2.300000000000001008e-07,6.149355301519150756e-36,3.192432010444129206e-33,7.474019271954443162e-27,1.551421583290884100e-20,1.551422330693131081e-20
2.400000000000000844e-07,9.937401557153503613e-36,4.023774009412230606e-33,8.665807764608989362e-27,1.654731672323313387e-20,1.654732538904493179e-20
2.500000000000000946e-07,1.605271206791155176e-35,5.070661872783299653e-33,1.004644012370286059e-26,1.764829717532563360e-20,1.764830722177084416e-20
2.600000000000001047e-07,2.591125374240844604e-35,6.387544095961877474e-33,1.164426037727765325e-26,1.882057831159665678e-20,1.882058995586344704e-20
2.700000000000001148e-07,4.177727736079953913e-35,8.042067408018694150e-33,1.349152650282436844e-26,2.006769685020056940e-20,2.006771034173515404e-20
2.800000000000001250e-07,6.726120509485230460e-35,1.011810242213205019e-32,1.562488875224080682e-26,2.139330365772431718e-20,2.139331928262325540e-20
2.900000000000001351e-07,1.081025034397369768e-34,1.271941508726779239e-32,1.808591695616973032e-26,2.280116217436292401e-20,2.280118026029270900e-20
3.000000000000001452e-07,1.733959214144246857e-34,1.597410984871851528e-32,2.092168054791510201e-26,2.429514669608265490e-20,2.429516761777935117e-20
3.100000000000001554e-07,2.775045603979759218e-34,2.003999227041579022e-32,2.418538518917913852e-26,2.587924050268350040e-20,2.587926468808900942e-20
3.200000000000001655e-07,4.430323181436932171e-34,2.511102395534889496e-32,2.793707001261810265e-26,2.755753382429968328e-20,2.755756176139525285e-20
3.300000000000001756e-07,7.054230973162088655e-34,3.142507130134096196e-32,3.224436961821092411e-26,2.933422164188043889e-20,2.933425388628218781e-20
3.400000000000001858e-07,1.120046846466513044e-33,3.927318235560564436e-32,3.718334507025882430e-26,3.121360131971779971e-20,3.121363850310326310e-20
3.500000000000001959e-07,1.773069934891400320e-33,4.901066321871257987e-32,4.283938823807378086e-26,3.320007007022064565e-20,3.320011290965966782e-20
3.600000000000002061e-07,2.798057868538021341e-33,6.107026756021589475e-32,4.930820390471646184e-26,3.529812225294771614e-20,3.529817156121549250e-20
3.700000000000002162e-07,4.401220847091318159e-33,7.597786033418893550e-32,5.669687413323031962e-26,3.751234651146380933e-20,3.751240320841831750e-20
3.800000000000002263e-07,6.899629582841674529e-33,9.437097023839544188e-32,6.512500942746468139e-26,3.984742275290855681e-20,3.984748787801925453e-20
3.900000000000002365e-07,1.077880415364063137e-32,1.170207053844611213e-31,7.472599125369900421e-26,4.230811897630420721e-20,4.230819370242325600e-20
4.000000000000002466e-07,1.677910303834557925e-32,1.448575735978909247e-31,8.564831049887915447e-26,4.489928795660036351e-20,4.489937360507249396e-20
4.100000000000002567e-07,2.602472458519048972e-32,1.790018233243087680e-31,9.805700643045251887e-26,4.762586379227149482e-20,4.762596184948295088e-20
4.200000000000002669e-07,4.021545914125305575e-32,2.207990038754587185e-31,1.121352106908883222e-25,5.049285832498589983e-20,5.049297046045759969e-20
4.300000000000002770e-07,6.191041007391590943e-32,2.718615353102176187e-31,1.280858008062762290e-25,5.350535744042589448e-20,5.350548552656047176e-20
4.400000000000002871e-07,9.494586961416422599e-32,3.341171792253290527e-31,1.461331676126824787e-25,5.666851725982446925e-20,5.666866339342114338e-20
4.500000000000002973e-07,1.450479630396935736e-31,4.098654127430273763e-31,1.665251009056950912e-25,5.998756023214098180e-20,5.998772675779679850e-20
4.600000000000003074e-07,2.207267311135218992e-31,5.018428296429387189e-31,1.895347974979266396e-25,6.346777113708904921e-20,6.346796067260911868e-20
4.700000000000003175e-07,3.345749824870862255e-31,6.132988255005796213e-31,2.154629957261355038e-25,6.711449300943093147e-20,6.711470847337452294e-20
4.800000000000002747e-07,5.051465789276316841e-31,7.480829684589514905e-31,2.446402402842499353e-25,7.093312299507409174e-20,7.093336763656760767e-20
4.900000000000002849e-07,7.596603369772079329e-31,9.107456144504097291e-31,2.774292810715235933e-25,7.492910814956875300e-20,7.492938558052022965e-20
5.000000000000002950e-07,1.137874900430155658e-30,1.106653495854397766e-30,3.142276095366262638e-25,7.910794118958966501e-20,7.910825541944373105e-20
5.100000000000003051e-07,1.697616790914014421e-30,1.342122196246666324e-30,3.554701357697031896e-25,8.347515620792785432e-20,8.347551168110336548e-20
5.200000000000003153e-07,2.522631802248009978e-30,1.624567621551297233e-30,4.016320093459764936e-25,8.803632436239943292e-20,8.803672599855598465e-20
5.300000000000003254e-07,3.733686841216931449e-30,1.962678789992633609e-30,4.532315866573930075e-25,9.279704954890517097e-20,9.279750278618819422e-20
5.400000000000003356e-07,5.504198915508565691e-30,2.366614490154713185e-30,5.108335471844106498e-25,9.776296406866800734e-20,9.776347491008600428e-20
5.500000000000003457e-07,8.082141459021080958e-30,2.848226598531651918e-30,5.750521608594561004e-25,1.029397242994289843e-19,1.029402993625202041e-19
5.600000000000003558e-07,1.182061655409036103e-29,3.421313105472456569e-30,6.465547083582096540e-25,1.083330063800858962e-19,1.083336529500361811e-19
5.700000000000003660e-07,1.722033840429466531e-29,4.101904171607304459e-30,7.260650558264973591e-25,1.139485019179562466e-19,1.139492280043343161e-19
5.800000000000003761e-07,2.498841825560094247e-29,4.908584825827471046e-30,8.143673852102490974e-25,1.197919137274872709e-19,1.197927281247694774e-19
5.900000000000003862e-07,3.611936398082229031e-29,5.862858220755706297e-30,9.123100810060145926e-25,1.258689516088794488e-19,1.258698639609426717e-19
6.000000000000003964e-07,5.200622486459028702e-29,6.989553682373484976e-30,1.020809773891099944e-24,1.321853281746969088e-19,1.321863490434665819e-19
6.100000000000004065e-07,7.459247273784539062e-29,8.317284126976765212e-30,1.140855541327450835e-24,1.387467547321317423e-19,1.387478956705828321e-19
6.200000000000004166e-07,1.065787048088588888e-28,9.878957770743227201e-30,1.273513264864193038e-24,1.455589372281803256e-19,1.455602108579028596e-19
6.300000000000004268e-07,1.517028233403839177e-28,1.171234942463452181e-29,1.419930143490801042e-24,1.526275722645441784e-19,1.526289923581028469e-19
6.400000000000004369e-07,2.151182992230808884e-28,1.386073704979871127e-29,1.581339362020101551e-24,1.599583431886603302e-19,1.599599247570013962e-19
6.500000000000004470e-07,3.039028470162108668e-28,1.637360964561295257e-29,1.759064913106731005e-24,1.675569162667865093e-19,1.675586756519760779e-19
6.600000000000004572e-07,4.277398136111840327e-28,1.930745295351625120e-29,1.954526571137342018e-24,1.754289369446675872e-19,1.754308919182859945e-19
6.700000000000004673e-07,5.998274185299197324e-28,2.272661988418080001e-29,2.169245015861942882e-24,1.835800262008260603e-19,1.835821960683959597e-19
6.800000000000004774e-07,8.380874374845874785e-28,2.670429301268317797e-29,2.404847103276430665e-24,1.920157769971128849e-19,1.920181827090078948e-19
6.900000000000004876e-07,1.166765930956690849e-27,3.132354693534791474e-29,2.663071280913201146e-24,2.007417508306901807e-19,2.007444151000605868e-19
7.000000000000004977e-07,1.618545346648214297e-27,3.667851874200243392e-29,2.945773144353480711e-24,2.097634743912031490e-19,2.097664218195713565e-19
7.100000000000005079e-07,2.237321197740299548e-27,4.287569532754926412e-29,3.254931131442334570e-24,2.190864363264792016e-19,2.190896935378075467e-19
7.200000000000005180e-07,3.081839291140849201e-27,5.003532674599057238e-29,3.592652350365503556e-24,2.287160841196529232e-19,2.287196799038778873e-19
7.300000000000005281e-07,4.230443294243885064e-27,5.829297529729526029e-29,3.961178537440258730e-24,2.386578210802509558e-19,2.386617865475246355e-19
7.400000000000005383e-07,4.822698054486129708e-20,4.708397498382756461e-15,4.140007541940871265e-11,3.227544236764658220e-07,3.227958284603309728e-07
7.500000000000005484e-07,1.622207529442363905e-19,3.328053317573852908e-14,1.614905248080497553e-10,6.947793077184916798e-07,6.949408315239951197e-07
7.600000000000005585e-07,3.852374037385470677e-19,1.178500477850142383e-13,3.820822307587155923e-10,1.098315158551418305e-06,1.098697358632610060e-06
7.700000000000005687e-07,7.933177677709423716e-19,3.153903810815943779e-13,7.605446371236366177e-10,1.626087951354691026e-06,1.626848811382989085e-06
7.800000000000005788e-07,1.511835311560723307e-18,7.264484665124353708e-13,1.388334735118366239e-09,2.352483721164289297e-06,2.353872782349386030e-06
7.900000000000005889e-07,2.742996771735611258e-18,1.524134982198371394e-12,2.402434418951444130e-09,3.357551713259349960e-06,3.359955671816026292e-06
8.000000000000005991e-07,4.808747789280404973e-18,3.000017083946805601e-12,4.005754077462191812e-09,4.742287704174906982e-06,4.746296458274261062e-06
8.100000000000006092e-07,8.216486921888635163e-18,5.636422023873103222e-12,6.496733940153274020e-09,6.639413527759545411e-06,6.645915898129939134e-06
8.200000000000006193e-07,1.375880651486518264e-17,1.021935193954671866e-11,1.031122678702983280e-08,9.224447874525650815e-06,9.234769320678378273e-06
8.300000000000006295e-07,2.266385818452666107e-17,1.801333510474478601e-11,1.608146919045102788e-08,1.272917850772722023e-05,1.274527799027543962e-05
8.400000000000006396e-07,3.682067080161487792e-17,3.103010079043162228e-11,2.471879066069274354e-08,1.745879686838593161e-05,1.748354668918423289e-05
8.500000000000006498e-07,5.911486638307848003e-17,5.243849240775848645e-11,3.752912754923193456e-08,2.381386013125856303e-05,2.385144169735932068e-05
8.600000000000006599e-07,9.392615326479634077e-17,8.718573678305782181e-11,5.637366419530897396e-08,3.231842184975902747e-05,3.237488269978504947e-05
8.700000000000006700e-07,1.478617132634942080e-16,1.429332175525847283e-10,8.389129595728309116e-08,4.365597538222849811e-05,4.374000961155119727e-05
8.800000000000006802e-07,2.308318993097444389e-16,2.314577248711065390e-10,1.238054532176124700e-07,5.871525183081862520e-05,5.883928874199193551e-05
8.900000000000006903e-07,3.576203396944386422e-16,3.707380752263753561e-10,1.813456064278470502e-07,7.864840953183384277e-05,7.883012587669454120e-05
9.000000000000007004e-07,5.501648647574318406e-16,5.880458698516200913e-10,2.638240933419037510e-07,1.049447612179664854e-04,1.052091733577284021e-04
9.100000000000007106e-07,8.408558493991278809e-16,9.245003767839538312e-10,3.814225518498142587e-07,1.395239302673948400e-04,1.399062773204622740e-04
9.200000000000007207e-07,1.277284463490918066e-15,1.441748339007090400e-09,5.482602121279340451e-07,1.848532365587156096e-04,1.854029385204598185e-04
9.300000000000007308e-07,1.929048365607644130e-15,2.231713874518592396e-09,7.838398935528063043e-07,2.440952183439037482e-04,2.448812899532600939e-04
9.400000000000007410e-07,2.897464759293104387e-15,3.430764631359421290e-09,1.114998420941510054e-06,3.212925383227478553e-04,3.224109675112181938e-04
9.500000000000007511e-07,4.329375022972652977e-15,5.240203531771154958e-09,1.578528434504474425e-06,4.215991459072197778e-04,4.231829145495853966e-04
9.600000000000007612e-07,6.436684367211066188e-15,7.955783219551018230e-09,2.224690906892801422e-06,5.515685278521938141e-04,5.538011745487427884e-04
9.700000000000006655e-07,9.523908438118120306e-15,1.201003798294501167e-08,3.121905508367748875e-06,7.195122398381164405e-04,7.226461553939910430e-04
9.800000000000005698e-07,1.402685556853058339e-14,1.803275147942425477e-08,4.362993588002459380e-06,9.359447470225963107e-04,9.403257733761051203e-04
9.900000000000004740e-07,2.056673707042128636e-14,2.693698530636514344e-08,6.073461398355476335e-06,1.214133999471856459e-03,1.220234397876084889e-03
1.000000000000000378e-06,3.002557270330350770e-14,4.004099575135269721e-08,8.422456111579556005e-06,1.570781230715277872e-03,1.579243727852634423e-03
1.010000000000000283e-06,4.365088174768785767e-14,5.924034977030820177e-08,1.163721271275825595e-05,2.026858313093011024e-03,2.038554766199190179e-03
1.020000000000000187e-06,6.320050287777120529e-14,8.724999971501534511e-08,1.602204670208794011e-05,2.608636769843044028e-03,2.624746066608047487e-03
1.030000000000000091e-06,9.114220548133897226e-14,1.279435018358439998e-07,2.198324901095079827e-05,3.348949390570849470e-03,3.371060583174778375e-03
1.039999999999999995e-06,1.309278511987653498e-13,1.868266483583249828e-07,3.006162218670929787e-05,4.288733508308246491e-03,4.318981957274241161e-03
1.049999999999999900e-06,1.873686409575578690e-13,2.716964325098936165e-07,4.097488123144030876e-05,5.478914585532772968e-03,5.520161163384091838e-03
1.059999999999999804e-06,2.671469637154639996e-13,3.935546781916828173e-07,5.567275382743665512e-05,6.982700068143196485e-03,7.038766376915971644e-03
1.069999999999999708e-06,3.795122265567311810e-13,5.678704206288048117e-07,7.540838427162098673e-05,8.878366781704220834e-03,8.954343036775981590e-03
1.079999999999999612e-06,5.372236662557275421e-13,8.163182974043756564e-07,1.018306116521019658e-04,1.126264078566606430e-02,1.136528771615279328e-02
1.089999999999999517e-06,7.578236443517353025e-13,1.169164520881780786e-06,1.371029026866520735e-04,1.425478693751809287e-02,1.439305900548345195e-02
1.099999999999999421e-06,1.065351752409818351e-12,1.668531005869836893e-06,1.840562307464304952e-04,1.800154687101876774e-02,1.818727163383641876e-02
1.109999999999999325e-06,1.492645043198519607e-12,2.372846546467638459e-06,2.463850750999715500e-04,2.268308914057627287e-02,2.293184706371535764e-02
1.119999999999999229e-06,2.084415203459273940e-12,3.362897578606215894e-06,3.288980537439712359e-04,2.852016447328202184e-02,2.885242542668901497e-02
1.129999999999999134e-06,2.901352475528270504e-12,4.750027802474877268e-06,4.378376030200286078e-04,3.578269302059645940e-02,3.622528065432031180e-02
1.139999999999999038e-06,4.025582393849613737e-12,6.687215802347236545e-06,5.812867031098409428e-04,4.480004991535178893e-02,4.538802383828956233e-02
1.149999999999998942e-06,5.567899697081023368e-12,9.383995697427136926e-06,7.696850721542723445e-04,5.597336111077525628e-02,5.675243018419486030e-02
1.159999999999998846e-06,7.677330113235624510e-12,1.312649434764360142e-05,1.016482696012014492e-03,6.979017430346121098e-02,7.081978350149820134e-02
1.169999999999998751e-06,1.055373263815592354e-11,1.830426091369240476e-05,1.338965245478218819e-03,8.684193073250173756e-02,8.819920024944738479e-02
1.179999999999998655e-06,1.446436188651434710e-11,2.544608767068759736e-05,1.759294122020325923e-03,1.078447339399550148e-01,1.096294741641103965e-01
1.189999999999998559e-06,1.976557389524301111e-11,3.526769930859007272e-05,2.305813882736391669e-03,1.336639924514638200e-01,1.360050740532743885e-01
1.199999999999998463e-06,2.693119411206417278e-11,4.873506518998426345e-05,3.014692002822423524e-03,1.653436062235865700e-01,1.684070333185301582e-01
1.209999999999998368e-06,3.658949148852669500e-11,6.714822045398665090e-05,3.931970789441777483e-03,2.041404732113445419e-01,2.081395922578297975e-01
1.219999999999998272e-06,4.957124028083690556e-11,9.225193724247199507e-05,5.116129300017280626e-03,2.515652143303306887e-01,2.567735956171616762e-01
1.229999999999998176e-06,6.697202936685543285e-11,1.263814545652787371e-04,6.641274976399475991e-03,3.094301544256467529e-01,3.161978109235835666e-01
1.239999999999998080e-06,9.023283218180677776e-11,1.726538648078158151e-04,8.601111137439165777e-03,3.799057558477821894e-01,3.886795209402619800e-01
1.249999999999997985e-06,1.212439212952591934e-10,2.352188049417314165e-04,1.111385836705559155e-02,4.655868823585390670e-01,4.769359596517803168e-01
1.259999999999997889e-06,1.624785524151325927e-10,3.195859840262352215e-04,1.432834624431879832e-02,5.695704771095282393e-01,5.842184095003517541e-01
1.269999999999997793e-06,2.171645171628607405e-10,4.330520111818661564e-04,1.843153802482360576e-02,6.955464724162175871e-01,7.144110626693874755e-01
1.279999999999997697e-06,2.895037504593231467e-10,5.852552380840171480e-04,2.365780625478740989e-02,8.479040143881588776e-01,8.721470761705341079e-01
1.289999999999997602e-06,3.849527720583060195e-10,7.888952300293686692e-04,3.030034358954482310e-02,1.031855385927965774e+00,1.062944625132492771e+00
1.299999999999997506e-06,5.105799585424404865e-10,1.060663441951905294e-03,3.872517229793779464e-02,1.253580351331165410e+00,1.293366187581635129e+00
1.309999999999997410e-06,6.755196226019669507e-10,1.422444209632972795e-03,4.938831040371531589e-02,1.520394029288652415e+00,1.571204784577520330e+00
1.319999999999997314e-06,8.915477909849170961e-10,1.902860899488162264e-03,6.285676487585117878e-02,1.840941833564089469e+00,1.905701460230976529e+00
1.329999999999997219e-06,1.173810626994137548e-09,2.539261764827244194e-03,7.983415591403951461e-02,2.225425507549839477e+00,2.307798926402516937e+00
1.339999999999997123e-06,1.541743886071401481e-09,3.380264680008691295e-03,1.011919348849837502e-01,2.685864826409102069e+00,2.790437027515838331e+00
1.349999999999997027e-06,2.020230922635483175e-09,4.489010627052215582e-03,1.280073461473517360e-01,3.236400155298815307e+00,3.368896514093450367e+00
1.359999999999996931e-06,2.641057941785636755e-09,5.947314010476974742e-03,1.616095048405194468e-01,3.893641741597297035e+00,4.061198563089351232e+00
1.369999999999996836e-06,3.444738840900377039e-09,7.860945305402933236e-03,2.036352244703131253e-01,4.677072391192456102e+00,4.888568564412910433e+00
1.379999999999996740e-06,4.482798628147186737e-09,1.036634030697688308e-02,2.560965364658217003e-01,5.609511042538359860e+00,5.875973923793956999e+00
1.389999999999996644e-06,5.820624651910792116e-09,1.363910290379631400e-02,3.214622064903306375e-01,6.717645716998877248e+00,7.052747032213629197e+00
1.399999999999996549e-06,7.541019459374214451e-09,1.790475794513120972e-02,4.027559780182191074e-01,8.032645400479431430e+00,8.453306143983800425e+00
1.409999999999996453e-06,9.748618894959958179e-09,2.345232116341917569e-02,5.036747727182292467e-01,9.590861610977134077e+00,1.011798871460740123e+01
1.419999999999996357e-06,1.257537508418036656e-08,3.065138878088213489e-02,6.287306612009990747e-01,1.143463174193852439e+01,1.209401380449578056e+01
1.429999999999996261e-06,1.618734745129905443e-08,3.997361583391803586e-02,7.834211000978227313e-01,1.361319775579541869e+01,1.443659248791450622e+01
1.439999999999996166e-06,2.079309734000398228e-08,5.201965596237320688e-02,9.744327275828190693e-01,1.618375545052006004e+01,1.721020785485834992e+01
1.449999999999996070e-06,2.665404485737114893e-08,6.755288432444273017e-02,1.209884936874336736e+00,1.921265135053260309e+01,2.049008919838542653e+01
1.459999999999995974e-06,3.409722226149494820e-08,8.754152887195210120e-02,1.499620525980573715e+00,2.277674629919889782e+01,2.436390838814864779e+01
1.469999999999995878e-06,4.353094893803737083e-08,1.132112047754531142e-01,1.855551974819804384e+00,2.696496707231410639e+01,2.893373029544031283e+01
1.479999999999995783e-06,5.546406155212776180e-08,1.461102958465261281e-01,2.292073353839352290e+00,3.188006981077463564e+01,3.431825351592457451e+01
1.489999999999995687e-06,7.052946259381855307e-08,1.881911714913218348e-01,2.826549550930179233e+00,3.764064180814826699e+01,4.065538260109923385e+01
1.499999999999995591e-06,8.951290509232771793e-08,2.419108872413026634e-01,3.479896449338340858e+00,4.438337120890246723e+01,4.810517863499501345e+01
1.509999999999995495e-06,1.133881152399264394e-07,3.103558140584837810e-01,4.277267936453690744e+00,5.226561750133468820e+01,5.685324136523497884e+01
1.519999999999995400e-06,1.433595732746383306e-07,3.973956034726246478e-01,5.248868214896863726e+00,6.146831935355130838e+01,6.711458331528037036e+01
1.529999999999995304e-06,1.809145323221499749e-07,5.078730542415688110e-01,6.430910871953204655e+00,7.219928037099030860e+01,7.913806447809960787e+01
1.539999999999995208e-06,2.278861620915005077e-07,6.478378395563046954e-01,7.866749596162738278e+00,8.469687778220773566e+01,9.321146544581293369e+01
1.549999999999995112e-06,2.865300676058830281e-07,8.248337266178146221e-01,9.608209372868202536e+00,9.923424392050925746e+01,1.096672873065253384e+02
1.559999999999995017e-06,3.596168621027335945e-07,1.048250925486934770e+00,1.171715151372618813e+01,1.161239756997312043e+02,1.288893784985612001e+02
1.569999999999994921e-06,4.505439789467886400e-07,1.329757603596080529e+00,1.426731105735838412e+01,1.357234331229540203e+02,1.513205022344524764e+02
1.579999999999994825e-06,5.634705026992925312e-07,1.683827469258348586e+00,1.734645100800319639e+01,1.584406942560665641e+02,1.774709732967986042e+02
1.589999999999994729e-06,7.034794992008079860e-07,2.128383747641246604e+00,2.105888465563815615e+01,1.847412410897730979e+02,2.079285101965320166e+02
1.599999999999994634e-06,8.767731457601823268e-07,2.685583946453861337e+00,2.552842495609293749e+01,2.151554583530929960e+02,2.433694681324129476e+02
1.609999999999994538e-06,1.090906925004444840e-06,3.382774653591631875e+00,3.090182876808535184e+01,2.502870356812820489e+02,2.845716401938659601e+02
1.619999999999994442e-06,1.355070272310158376e-06,4.253651362569700112e+00,3.735281378570630295e+01,2.908223726378068932e+02,3.324288391411531620e+02
1.629999999999994346e-06,1.680422383060613066e-06,5.339665144060883328e+00,4.508673742592756639e+01,3.375410960036440997e+02,3.879675002540549258e+02
1.639999999999994251e-06,2.080493422156507008e-06,6.691726060040912749e+00,5.434603990576877663e+01,3.913278095422266460e+02,4.523655775885297317e+02
1.649999999999994155e-06,2.571663168516875695e-06,8.372262768306054426e+00,6.541656846747901000e+01,4.531852081931668863e+02,5.269740420006150998e+02
1.659999999999994059e-06,3.173731210969919772e-06,1.045770904210021612e+01,7.863491639950437673e+01,5.242487014161704337e+02,6.133413300315062315e+02
1.669999999999993963e-06,3.910595233786480524e-06,1.304150122543944690e+01,9.439692939754553436e+01,6.058027042756460787e+02,7.132411388092261859e+02
1.679999999999993868e-06,4.811056741357395466e-06,1.623768629929616836e+01,1.131675531823639034e+02,6.992987699101925045e+02,8.287040142029093204e+02
1.689999999999993772e-06,5.909776830541938203e-06,2.018525864045201601e+01,1.354922204375208992e+02,8.063757533573617593e+02,9.620532383451114811e+02
1.699999999999993676e-06,7.248408392531607913e-06,2.505336516832861804e+01,1.620100023822043340e+02,9.288822143972886352e+02,1.115945589196230003e+03
1.709999999999993580e-06,8.876935489336263576e-06,3.104754392055249568e+01,1.934687810189350046e+02,1.068901286238450211e+03,1.293417620054873169e+03
1.719999999999993485e-06,1.085525568920506556e-05,3.841719078095922413e+01,2.307427327002265258e+02,1.228778257602154326e+03,1.497938191938595764e+03
1.729999999999993389e-06,1.325504695802619663e-05,4.746448380166343384e+01,2.748524525924041768e+02,1.411151138180666521e+03,1.733468087829781098e+03
1.739999999999993293e-06,1.616196740067584920e-05,5.855503511613116530e+01,3.269880933768500313e+02,1.618984501668635176e+03,2.004527646323583667e+03
1.749999999999993197e-06,1.967824385272714152e-05,7.213058775487320418e+01,3.885359406689055390e+02,1.855606926723753531e+03,2.316273474825776248e+03
1.759999999999993102e-06,2.392571418066543807e-05,8.872412980766269186e+01,4.611089027599769565e+02,2.124752384436394095e+03,2.674585440929748074e+03
1.769999999999993006e-06,2.904939831800430134e-05,1.089778625391610660e+02,5.465814540683754785e+02,2.430605951320646000e+03,3.086165296977580965e+03
1.779999999999992910e-06,3.522168472635109950e-05,1.336645336476513535e+02,6.471296408572660539e+02,2.777854259632174944e+03,3.558648469358777220e+03
1.789999999999992815e-06,4.264723232846146872e-05,1.637127334481547507e+02,7.652768351558584072e+02,3.171741132130347069e+03,4.100730743381593129e+03
1.799999999999992719e-06,5.156870324449572274e-05,2.002368521768499932e+02,9.039460092963613533e+02,3.618128886403455908e+03,4.722311799445370525e+03
1.809999999999992623e-06,6.227345913156933006e-05,2.445725129254234105e+02,1.066519400036144816e+03,4.123565834741712933e+03,5.434657809976739372e+03
1.819999999999992527e-06,7.510137387106119683e-05,2.983184292837227076e+02,1.256906538950882577e+03,4.695360549465397526e+03,6.250585592801376151e+03
1.829999999999992432e-06,9.045393809452563993e-05,3.633857922870119523e+02,1.479621745842998052e+03,5.341663510790161126e+03,7.184671139374109771e+03
1.839999999999992336e-06,1.088048569537923620e-04,4.420564707905694490e+02,1.739872315608722374e+03,6.071556804948705576e+03,8.253485700152854406e+03
1.849999999999992240e-06,1.307123720347939271e-04,5.370515164076057317e+02,2.043658777768080654e+03,6.895152594611871791e+03,9.475863019499931397e+03
1.859999999999992144e-06,1.568335718475551968e-04,6.516117025949076833e+02,2.397888773240757473e+03,7.823701141890204781e+03,1.087320177455944213e+04
1.869999999999992049e-06,1.879409934115480567e-04,7.895921018333624488e+02,2.810506276650091877e+03,8.869709226599317844e+03,1.246980779302376686e+04
1.879999999999991953e-06,2.249418606713973106e-04,9.555730202019097987e+02,3.290638096319146825e+03,1.004706986929755112e+04,1.429328121076046955e+04
1.889999999999991857e-06,2.689003544651740406e-04,1.154989970727525815e+03,3.848759810216665755e+03,1.137120434011859834e+04,1.637495438996314624e+04
1.899999999999991761e-06,3.210633642434144140e-04,1.394285782206986369e+03,4.496883546640237910e+03,1.285921751092248633e+04,1.875038716083307372e+04
1.909999999999991877e-06,3.828902345004826595e-04,1.681088416076471958e+03,5.248770295803142290e+03,1.453006769006259492e+04,2.145992678483244526e+04
1.919999999999991782e-06,4.560870898216856108e-04,2.024418608636834506e+03,6.120169745363776201e+03,1.640475216644525790e+04,2.454934097653295612e+04
1.929999999999991686e-06,5.426464025599121981e-04,2.434932078866056145e+03,7.129090972169659835e+03,1.850650978286048485e+04,2.807053337654260395e+04
1.939999999999991590e-06,6.448925575368780931e-04,2.925201753689957968e+03,8.296107697212712083e+03,2.086104195815103958e+04,3.208235205394626610e+04
1.949999999999991494e-06,7.655342700400702806e-04,3.510046274784307116e+03,9.644702224408076290e+03,2.349675368401454034e+04,3.665150294874119572e+04
1.959999999999991399e-06,9.077248281158802837e-04,4.206911977066276449e+03,1.120165264000991738e+04,2.644501613549428657e+04,4.185358166029531276e+04
1.969999999999991303e-06,1.075131259250684942e-03,5.036316583972048647e+03,1.299746835228752025e+04,2.974045265491139071e+04,4.777423866630221892e+04
1.979999999999991207e-06,1.272013666653726803e-03,6.022364065212191235e+03,1.506687960485233816e+04,3.342124999754114106e+04,5.451049493961933331e+04
1.989999999999991111e-06,1.503316143360146871e-03,7.193341467797901714e+03,1.744938720648757953e+04,3.752949686418367492e+04,6.217222704178529966e+04
1.999999999999991016e-06,1.774770855307198280e-03,8.582410081865295069e+03,2.018987939061766519e+04,4.211155189140304719e+04,7.088384313865687000e+04
2.009999999999990920e-06,2.093017089663062533e-03,1.022840506284342518e+04,2.333932345420657657e+04,4.721844342506821704e+04,8.078617403513530735e+04
2.019999999999990824e-06,2.465737294510234306e-03,1.217675962728477498e+04,2.695554063491984562e+04,5.290630356745093741e+04,9.203860629539284855e+04
2.029999999999990728e-06,2.901812393265064752e-03,1.448057220079386752e+04,3.110407357333800974e+04,5.923683916306658648e+04,1.048214878390108643e+05
2.039999999999990633e-06,3.411498944995924182e-03,1.720183745599543909e+04,3.585915668088636448e+04,6.627784257419164351e+04,1.193388401225724083e+05
2.049999999999990537e-06,4.006631043449713526e-03,2.041286507328397056e+04,4.130480080159179488e+04,7.410374529420191539e+04,1.358214151757087384e+05
2.059999999999990441e-06,4.700850206803093220e-03,2.419791332831221371e+04,4.753600472497817827e+04,8.279621765610095463e+04,1.545301404102415545e+05
2.069999999999990345e-06,5.509866911003101497e-03,2.865506830368734882e+04,5.466010738727225544e+04,9.244481811552771251e+04,1.757599993163542240e+05
2.079999999999990250e-06,6.451757866524858616e-03,3.389840368918199238e+04,6.279829599815967231e+04,1.031476958227751311e+05,1.998444019618746825e+05
2.089999999999990154e-06,7.547303636388023873e-03,4.006046083176583488e+04,7.208728686097681930e+04,1.150123504476470262e+05,2.271601056876933435e+05
2.099999999999990058e-06,8.820371747740033547e-03,4.729509398707171204e+04,8.268119732649349316e+04,1.281564534849921474e+05,2.581327536189291277e+05
2.109999999999989962e-06,1.029835106619140205e-02,5.578073167775253387e+04,9.475362914647282741e+04,1.427087355483509891e+05,2.932431066709274310e+05
2.119999999999989867e-06,1.201264388787134929e-02,6.572411175941930560e+04,1.084999854857004975e+05,1.588099444549433247e+05,3.330340537127070129e+05
2.129999999999989771e-06,1.399922296604213905e-02,7.736455531801350298e+04,1.241400460242527042e+05,1.766138792182487086e+05,3.781184945597379119e+05
2.139999999999989675e-06,1.629926153485965895e-02,9.097885296932810161e+04,1.419208269501812756e+05,1.962885053953251918e+05,4.291882016140961205e+05
2.149999999999989579e-06,1.895984533111105125e-02,1.068868466081952647e+05,1.621197552227483247e+05,2.180171575858661672e+05,4.870237783766550710e+05
2.159999999999989484e-06,2.203477665484563155e-02,1.254578002791261097e+05,1.850481892949427711e+05,2.419998352495614963e+05,5.525058468584070215e+05
2.169999999999989388e-06,2.558548166203565913e-02,1.471176657420184056e+05,2.110553215399791370e+05,2.684545983987263753e+05,6.266276112662055530e+05
2.179999999999989292e-06,2.968203335794976361e-02,1.723573616297188855e+05,2.405325009494596452e+05,2.976190701352765900e+05,7.105089623964884086e+05
2.189999999999989197e-06,3.440430417105695693e-02,2.017421999976156512e+05,2.739180182824580697e+05,3.297520534360897145e+05,8.054123061204676051e+05
2.199999999999989101e-06,3.984326354737949966e-02,2.359226107244795421e+05,3.117023997676573927e+05,3.651352700496470788e+05,9.127603203850475838e+05
2.209999999999989005e-06,4.610243772883852731e-02,2.756463328320170986e+05,3.544342597194115515e+05,4.040752298507280066e+05,1.034155868504594313e+06
2.219999999999988909e-06,5.329955078225194487e-02,3.217722625615567085e+05,4.027267670495880884e+05,4.469052395101013826e+05,1.171404322420796845e+06
2.229999999999988814e-06,6.156836804547798775e-02,3.752861712148934021e+05,4.572647856680395780e+05,4.939875598735708627e+05,1.326538578324872069e+06
2.239999999999988718e-06,7.106076547277345723e-02,4.373185315922128502e+05,5.188127541963354452e+05,5.457157220112205250e+05,1.501847078860534355e+06
2.249999999999988622e-06,8.194905091311138756e-02,5.091647206273417105e+05,5.882233763031953713e+05,6.025170124937385553e+05,1.699905191373326350e+06
2.259999999999988526e-06,9.442856616550372728e-02,5.923078978439558996e+05,6.664471993413039017e+05,6.648551390806162963e+05,1.923610330694442382e+06
2.269999999999988431e-06,1.087206017484783488e-01,6.884448948797642952e+05,7.545431658600308001e+05,7.332330886654661736e+05,2.176221258125863038e+06
2.279999999999988335e-06,1.250756597231907075e-01,7.995154909279482672e+05,8.536902300263828365e+05,8.081961900185343111e+05,2.461402036048525013e+06
2.289999999999988239e-06,1.437771036499008726e-01,9.277354929421859561e+05,9.652001390495557571e+05,8.903353945972194197e+05,2.783271170366064645e+06
2.299999999999988143e-06,1.651452388668238347e-01,1.075634088299761759e+06,1.090531488417449640e+06,9.802907894634950208e+05,3.146456531325945631e+06
2.309999999999988048e-06,1.895418707924259594e-01,1.246095991816049442e+06,1.231305169163693674e+06,1.078755357154395198e+06,3.556156707676009275e+06
2.319999999999987952e-06,2.173753939036033866e-01,1.442408969102564966e+06,1.389321335543112829e+06,1.186478998199637514e+06,4.018209520220709033e+06
2.329999999999987856e-06,2.491064694728233331e-01,1.668317384859686950e+06,1.566578032455578912e+06,1.304272832871181425e+06,4.539168499292917550e+06
2.339999999999987760e-06,2.852543560995807193e-01,1.928082498451568652e+06,1.765291633781302720e+06,1.433013799684355268e+06,5.126388217171582393e+06
2.349999999999987665e-06,3.264039635928080441e-01,2.226550310744449962e+06,1.987919255535806529e+06,1.573649569151555188e+06,5.788119461835775524e+06
2.359999999999987569e-06,3.732137079005983793e-01,2.569227856487536337e+06,2.237183321487036534e+06,1.727203792319139699e+06,6.533615343507420272e+06
2.369999999999987473e-06,4.264242525968922060e-01,2.962368936336811632e+06,2.516098473668687046e+06,1.894781704697885551e+06,7.373249541127637029e+06
2.379999999999987377e-06,4.868682309802357389e-01,3.413070392907185480e+06,2.828001036148126703e+06,2.077576107330000494e+06,8.318648023253543302e+06
2.389999999999987282e-06,5.554810521806200496e-01,3.929380157011490315e+06,3.176581257543447893e+06,2.276873747922222596e+06,9.382835717958213761e+06
2.399999999999987186e-06,6.333129048762193847e-01,4.520418424626331776e+06,3.565918576215136331e+06,2.494062126218830235e+06,1.058039976037320308e+07
2.409999999999987090e-06,7.215420833656099875e-01,5.196513473333651200e+06,4.000520171875080559e+06,2.730636749091094360e+06,1.192767111584191024e+07
2.419999999999986994e-06,8.214897729040833152e-01,5.969353790355752222e+06,4.485363088650656864e+06,2.988208862184686586e+06,1.344292656268086843e+07
2.429999999999986899e-06,9.346364444794709181e-01,6.852158364277022891e+06,5.025940237519360147e+06,3.268513686395085417e+06,1.514661322282791510e+07
2.439999999999986803e-06,1.062640023668639522e+00,7.859867190709002316e+06,5.628310610593038611e+06,3.573419188936966006e+06,1.706159805287903175e+07
2.449999999999986707e-06,1.207356013978475362e+00,9.009354260222325101e+06,6.299154066096024588e+06,3.904935420338370837e+06,1.921344495401273668e+07
2.459999999999986611e-06,1.370859772244309882e+00,1.031966553671096079e+07,7.045831071167731658e+06,4.265224450327380560e+06,2.163072242906584591e+07
2.469999999999986516e-06,1.555471152349672037e+00,1.181228469799930602e+07,7.876447819955217652e+06,4.656610937291541137e+06,2.434534501071721688e+07
2.479999999999986420e-06,1.763781753869097635e+00,1.351142970016616024e+07,8.799927176981465891e+06,5.081593367780181579e+06,2.739295200870956481e+07
2.489999999999986324e-06,1.998685034354985568e+00,1.544438354513260536e+07,9.826085930620132014e+06,5.542856004390721209e+06,3.081332747882848978e+07
2.499999999999986228e-06,2.263409568035459341e+00,1.764186298015441000e+07,1.096571887883495912e+07,6.043281582335669547e+06,3.465086570473460853e+07
2.509999999999986133e-06,2.560929580463459310e+00,2.013598867719947174e+07,1.222937940418231487e+07,6.585351158591451123e+06,3.895072180090282112e+07
2.519999999999986037e-06,2.895376904743465651e+00,2.296594458795371652e+07,1.363027660284752026e+07,7.172459173507070169e+06,4.376868325968521833e+07
2.529999999999985941e-06,3.271162517380297619e+00,2.617503347045984492e+07,1.518256402155037783e+07,7.808112385615868494e+06,4.916571314878860861e+07
2.539999999999985845e-06,3.693161895304871489e+00,2.981173585579309613e+07,1.690170269136916474e+07,8.496043172269079834e+06,5.520948541259323061e+07
2.549999999999985750e-06,4.166782308320949646e+00,3.393037629730676860e+07,1.880461525926407054e+07,9.240240766358789057e+06,6.197523648971192539e+07
2.559999999999985654e-06,4.698023749320184628e+00,3.859181418639617413e+07,2.090982668528258428e+07,1.004497199495332874e+07,6.954661756465584040e+07
2.569999999999985558e-06,5.293542769533876147e+00,4.386419822623831034e+07,2.323761063351882994e+07,1.091480056100018322e+07,7.801661471430009604e+07
2.579999999999985463e-06,5.960721517950818615e+00,4.982379858241001517e+07,2.581014605914354697e+07,1.185460665583726950e+07,8.748855725811234117e+07
2.589999999999985367e-06,6.707743075068195004e+00,5.655592687719906867e+07,2.865168594438670948e+07,1.286960741788608767e+07,9.807722694721494615e+07
2.599999999999985271e-06,7.543673886548337038e+00,6.415595377599589527e+07,3.178873953709226847e+07,1.396537845011099055e+07,1.099100793068730384e+08
2.609999999999985175e-06,8.478554043056922396e+00,7.273043437329442799e+07,3.525026930011174083e+07,1.514787651812731847e+07,1.231285886700875312e+08
2.619999999999985080e-06,9.523496165258801938e+00,8.239835236823500693e+07,3.906790377217679471e+07,1.642346351985757984e+07,1.378897291837655604e+08
2.629999999999984984e-06,1.069079369464399498e+01,9.329249497428797185e+07,4.327616758493299037e+07,1.779893180681523308e+07,1.543676050568298995e+08
2.639999999999984888e-06,1.199403944735931837e+01,1.055609715889572352e+08,4.791272994867743552e+07,1.928153093403929472e+07,1.727552444657134116e+08
2.649999999999984792e-06,1.344825535436669384e+01,1.193688904448930323e+08,5.301867300080421567e+07,2.087899591598189995e+07,1.932665728099344969e+08
2.659999999999984697e-06,1.507003438508557736e+01,1.349002087731756568e+08,5.863878150202906132e+07,2.259957706751028448e+07,2.161385824127493799e+08
2.669999999999984601e-06,1.687769573257212841e+01,1.523597734377608001e+08,6.482185546455685049e+07,2.445207151187504083e+07,2.416337172918884158e+08
2.679999999999984505e-06,1.889145442612572268e+01,1.719755705545904934e+08,7.162104740288461745e+07,2.644585644068502635e+07,2.700424932896145582e+08
2.689999999999984409e-06,2.113360663221456548e+01,1.940012042988089025e+08,7.909422601183421910e+07,2.859092421444360539e+07,3.016863756586933732e+08
2.699999999999984314e-06,2.362873200711817390e+01,2.187186269392203987e+08,8.730436819778162241e+07,3.089791939597924426e+07,3.369209381617132425e+08
2.709999999999984218e-06,2.640391457510276396e+01,2.464411441318565607e+08,9.631998151823502779e+07,3.337817781308495626e+07,3.761393298670911193e+08
2.719999999999984122e-06,2.948898372484046249e+01,2.775167216666064858e+08,1.062155592221828252e+08,3.604376775086819381e+07,4.197760781286412477e+08
2.729999999999984026e-06,3.291677704463428711e+01,3.123316222056987882e+08,1.170720702294523716e+08,3.890753337867848575e+07,4.683112587306067348e+08
2.739999999999983931e-06,3.672342685450669109e+01,3.513144030944961905e+08,1.289774865421227962e+08,4.198314052103339881e+07,5.222750668810792565e+08
2.749999999999983835e-06,4.094867244094893977e+01,3.949403090793721080e+08,1.420273507452559769e+08,4.528512488670424372e+07,5.822528256600047350e+08
2.759999999999983739e-06,4.563620015880195524e+01,4.437360967504125237e+08,1.563253864284463525e+08,4.882894287503953278e+07,6.488904716900985241e+08
2.769999999999983643e-06,5.083401373517251898e+01,4.982853307565034628e+08,1.719841545443536639e+08,5.263102508372539282e+07,7.229005612185962200e+08
2.779999999999983548e-06,5.659483729315839184e+01,5.592341953359521627e+08,1.891257589162377119e+08,5.670883264748987556e+07,8.050688434945170879e+08
2.789999999999983452e-06,6.297655380939519176e+01,6.272978684871649742e+08,2.078826043138798773e+08,6.108091654276589304e+07,8.962614523203644753e+08
2.799999999999983356e-06,7.004268192995999698e+01,7.032675101937780380e+08,2.283982107371258140e+08,6.576697999904917181e+07,9.974327709726350307e+08
2.809999999999983260e-06,7.786289429479111845e+01,7.880179205392701626e+08,2.508280877789233029e+08,7.078794416361166537e+07,1.109634030344699383e+09
2.819999999999983165e-06,8.651358076269958985e+01,8.825159283236426115e+08,2.753406731861431599e+08,7.616601717238079011e+07,1.234022705195747375e+09
2.829999999999983069e-06,9.607846018826255374e+01,9.878295759556140900e+08,3.021183399972629547e+08,8.192476678616517782e+07,1.371872778817502499e+09
2.839999999999982973e-06,1.066492446794350570e+02,1.105138171965930462e+09,3.313584769117940068e+08,8.808919675801299512e+07,1.524585952284982204e+09
2.849999999999982877e-06,1.183263605620216765e+02,1.235743288503285646e+09,3.632746468382871747e+08,9.468582710432577133e+07,1.693703880772258997e+09
2.859999999999982782e-06,1.312197305953591524e+02,1.381080787665024281e+09,3.980978288763605952e+08,1.017427784594517797e+08,1.880921526220567226e+09
2.869999999999982686e-06,1.454496223239393657e+02,1.542733967516010046e+09,4.360777493143703341e+08,1.092898607007998228e+08,2.088101722980802774e+09
2.879999999999982590e-06,1.611475678140804177e+02,1.722447926199260712e+09,4.774843075693741441e+08,1.173586660391376913e+08,2.317291060955340385e+09
2.889999999999982494e-06,1.784573604140909993e+02,1.922145250678991318e+09,5.226091033602979779e+08,1.259826667766021043e+08,2.570737199273252010e+09
2.899999999999982399e-06,1.975361345928874357e+02,2.143943145426088095e+09,5.717670717901649475e+08,1.351973179430737793e+08,2.850907732695461273e+09
2.909999999999982303e-06,2.185555353568929036e+02,2.390172125800702572e+09,6.252982334198305607e+08,1.450401650300297141e+08,3.160510742806097984e+09
2.919999999999982207e-06,2.417029842206150363e+02,2.663396411057874203e+09,6.835695668447883129e+08,1.555509570496756136e+08,3.502517176655322075e+09
2.929999999999982111e-06,2.671830492139270632e+02,2.966436162849415302e+09,7.469770117396440506e+08,1.667717651561987400e+08,3.880185206928307533e+09
2.939999999999982016e-06,2.952189269513439172e+02,3.302391726876474380e+09,8.159476108130408525e+08,1.787471070753016770e+08,4.297086739983743668e+09
2.949999999999981920e-06,3.260540453672381886e+02,3.674670048019159794e+09,8.909417996199477911e+08,1.915240775978291929e+08,4.757136251290982246e+09
2.959999999999981824e-06,3.599537963385206467e+02,4.087013442897938251e+09,9.724558537105391026e+08,2.051524854032592475e+08,5.264622141965533257e+09
2.969999999999981729e-06,3.972074080749790710e+02,4.543530928469352722e+09,1.061024503155346632e+09,2.196849964891560376e+08,5.824240825321263313e+09
2.979999999999981633e-06,4.381299678600823881e+02,5.048732321003510475e+09,1.157223725078182220e+09,2.351772844933187068e+08,6.441133768704978943e+09
2.989999999999981537e-06,4.830646064740251404e+02,5.607565336701467514e+09,1.261673725451122046e+09,2.516881882063622177e+08,7.120927733423558235e+09
2.999999999999981441e-06,5.323848564290453851e+02,6.225455943375358582e+09,1.375042122062849998e+09,2.692798765838522911e+08,7.869778474406916618e+09
3.009999999999981346e-06,5.864971969976390938e+02,6.908352232114344597e+09,1.498047341263141870e+09,2.880180215788381100e+08,8.694418181453521729e+09
3.019999999999981250e-06,6.458437999205351616e+02,7.662772098787434578e+09,1.631462241814839363e+09,3.079719791277574301e+08,9.602206965573829651e+09
3.029999999999981154e-06,7.109054906458123924e+02,8.495855047692623138e+09,1.776117979951932430e+09,3.292149786352206469e+08,1.060118871718526840e+10
3.039999999999981058e-06,7.822049409782370049e+02,9.415418453745674133e+09,1.932908130549356222e+09,3.518243213160619736e+08,1.170015168781603432e+10
3.049999999999980963e-06,8.603101101108024977e+02,1.043001864542994499e+10,2.102793080160252094e+09,3.758815877664306164e+08,1.290869417366673660e+10
3.059999999999980867e-06,9.458379521739479969e+02,1.154901719841479111e+10,2.286804708570288181e+09,4.014728551494038105e+08,1.423729570797243500e+10
3.069999999999980771e-06,1.039458409675198027e+03,1.278265285941601181e+10,2.486051376459124565e+09,4.286889243948232532e+08,1.569739419972837067e+10
3.079999999999980675e-06,1.141898713518182149e+03,1.414211955165763283e+10,2.701723237748111725e+09,4.576255578277118802e+08,1.730146948913217163e+10
3.089999999999980580e-06,1.253948011688571569e+03,1.563965094733143616e+10,2.935097896252995491e+09,4.883837276546522379e+08,1.906313382518709564e+10
3.099999999999980484e-06,1.376462350181793909e+03,1.728861212889706039e+10,3.187546427354035854e+09,5.210698757531725764e+08,2.099722980846661758e+10
3.109999999999980388e-06,1.510370031327229526e+03,1.910359890007168579e+10,3.460539786543730736e+09,5.557961852251260281e+08,2.311993638221057129e+10
3.119999999999980292e-06,1.656677376342128355e+03,2.110054534909931183e+10,3.755655627920311451e+09,5.926808641916846037e+08,2.544888349788868332e+10
3.129999999999980197e-06,1.816474920730769327e+03,2.329684031153925705e+10,4.074585556961955070e+09,6.318484423244915009e+08,2.800327612730062485e+10
3.139999999999980101e-06,1.990944073037525641e+03,2.571145342756317902e+10,4.419142843249110222e+09,6.734300806251764297e+08,3.080402834238153839e+10
3.149999999999980005e-06,2.181364269470636827e+03,2.836507153979571533e+10,4.791270620199358940e+09,7.175638949834445715e+08,3.387390823634278870e+10
3.159999999999979909e-06,2.389120659045963748e+03,3.128024623229953384e+10,5.193050600347324371e+09,7.643952940625735521e+08,3.723769451583009338e+10
3.169999999999979814e-06,2.615712356161602656e+03,3.448155336959948730e+10,5.626712336242410660e+09,8.140773320803579092e+08,4.092234565363461304e+10
3.179999999999979718e-06,2.862761299912935556e+03,3.799576555691916656e+10,6.094643058652444839e+09,8.667710770732239485e+08,4.495718255540613556e+10
3.189999999999979622e-06,3.132021762001175375e+03,4.185203850929581451e+10,6.599398125456866264e+09,9.226459952515590191e+08,4.937408576202599335e+10
3.199999999999979526e-06,3.425390547786211300e+03,4.608211238825518036e+10,7.143712116391621590e+09,9.818803520751907825e+08,5.420770828211254120e+10
3.209999999999979431e-06,3.744917937891354541e+03,5.072052924048735809e+10,7.730510610670914650e+09,1.044661630699460149e+09,5.949570522677567291e+10
3.219999999999979335e-06,4.092819420796897248e+03,5.580486775383332825e+10,8.362922686467206001e+09,1.111186968464409590e+09,6.527898150158436584e+10
3.229999999999979239e-06,4.471488270066591213e+03,6.137599663213575745e+10,9.044294183276769638e+09,1.181663612122347116e+09,7.160195889902314758e+10
3.239999999999979143e-06,4.883509023250029713e+03,6.747834798249887848e+10,9.778201770347509384e+09,1.256309392522422314e+09,7.851286402887782288e+10
3.249999999999979048e-06,5.331671923100651838e+03,7.416021220656399536e+10,1.056846786659258080e+10,1.335353219494907379e+09,8.606403862432339478e+10
3.259999999999978952e-06,5.818988385555852801e+03,8.147405599193632507e+10,1.141917645976871681e+10,1.419035597702436447e+09,9.431227386839587402e+10
3.269999999999978856e-06,6.348707562959952156e+03,8.947686511128742981e+10,1.233468987516740227e+10,1.507609164251055956e+09,1.033191704994134521e+11
3.279999999999978760e-06,6.924334075269050118e+03,9.823051385532437134e+10,1.331966654664589310e+10,1.601339248879665613e+09,1.131515265751840057e+11
3.289999999999978665e-06,7.549646986494533849e+03,1.078021630521663361e+11,1.437907984553119659e+10,1.700504457573533058e+09,1.238817549049180603e+11
3.299999999999978569e-06,8.228720108404786515e+03,1.182646887602757263e+11,1.551823802575940895e+10,1.805397280474760532e+09,1.355883322952300110e+11
3.309999999999978473e-06,8.965943718555501619e+03,1.296971438652878113e+11,1.674280534657022095e+10,1.916324724990966082e+09,1.483562829027927246e+11
3.319999999999978377e-06,9.766047785046352146e+03,1.421852549635551758e+11,1.805882443717764282e+10,2.033608975032268286e+09,1.622776981418128662e+11
3.329999999999978282e-06,1.063412679603770448e+04,1.558219570773676453e+11,1.947273997107139206e+10,2.157588077336435318e+09,1.774522957599022522e+11
3.339999999999978186e-06,1.157566629801632553e+04,1.707079689193829346e+11,2.099142372099652100e+10,2.288616655872519970e+09,1.939880208719182739e+11
3.349999999999978090e-06,1.259657125308358809e+04,1.869524116071690979e+11,2.262220106919274139e+10,2.427066655344449043e+09,2.120016919282775574e+11
3.359999999999977995e-06,1.370319633218887429e+04,2.046734739238840027e+11,2.437287905118127823e+10,2.573328114848265171e+09,2.316196947931098633e+11
3.369999999999977899e-06,1.490237826823785690e+04,2.239991274283385620e+11,2.625177601525182724e+10,2.727809972769357681e+09,2.529787283187380066e+11
3.379999999999977803e-06,1.620147040041034597e+04,2.450678949380148926e+11,2.826775298384225464e+10,2.890940904039808273e+09,2.762266050273673096e+11
3.389999999999977707e-06,1.760837954883953353e+04,2.680296761425992432e+11,3.043024680722727966e+10,3.063170190910335541e+09,3.015231107491163940e+11
3.399999999999977612e-06,1.913160536704454353e+04,2.930466343541505127e+11,3.274930520433656693e+10,3.244968628426914215e+09,3.290409273185193481e+11
3.409999999999977516e-06,2.078028232820977792e+04,3.202941486639139404e+11,3.523562379012909698e+10,3.436829465837876320e+09,3.589666227001632690e+11
3.419999999999977420e-06,2.256422451057536091e+04,3.499618360559660034e+11,3.790058519375370789e+10,3.639269385194852829e+09,3.915017131991390381e+11
3.429999999999977324e-06,2.449397335688149542e+04,3.822546483252308960e+11,4.075630037673829651e+10,3.852829518448315144e+09,4.268638027143908081e+11
3.439999999999977229e-06,2.658084859299999152e+04,4.173940489628944092e+11,4.381565226569103241e+10,4.078076504377727509e+09,4.652878043138117676e+11
3.449999999999977133e-06,2.883700250165041143e+04,4.556192755069235840e+11,4.709234181944521332e+10,4.315603586735598564e+09,5.070272497501068726e+11
3.459999999999977037e-06,3.127547775840593022e+04,4.971886932104253540e+11,5.060093665628481293e+10,4.566031755025547028e+09,5.523556928972135010e+11
3.469999999999976941e-06,3.391026901228967472e+04,5.423812450776320801e+11,5.435692090712136078e+10,4.830010679400464058e+09,6.015682105744228516e+11
3.479999999999976846e-06,3.675638858575788618e+04,5.914980094500177002e+11,5.837675314691447449e+10,5.108220602495446205e+09,6.549830199558161621e+11
3.489999999999976750e-06,3.982993632860855723e+04,6.448638655249846191e+11,6.267792067662358093e+10,5.401373106678805351e+09,7.129431991382232666e+11
3.499999999999976654e-06,4.314817402545676305e+04,7.028292787481230469e+11,6.727899993709068298e+10,5.710212475557397842e+09,7.758185343089451904e+11
3.509999999999976558e-06,4.672960459190796246e+04,7.657722128421138916e+11,7.219972037960711670e+10,6.035517132576786041e+09,8.440074970839023438e+11
3.519999999999976463e-06,5.059405635058561165e+04,8.341001770162039795e+11,7.746103145350524902e+10,6.378101071746020317e+09,9.179393601355115967e+11
3.529999999999976367e-06,5.476277269211276143e+04,9.082524173584595947e+11,8.308517320341802979e+10,6.738815340197994232e+09,9.980764606648483887e+11
3.539999999999976271e-06,5.925850744342135295e+04,9.887022619823673096e+11,8.909575066770745850e+10,7.118549576274218559e+09,1.084916621484856445e+12
3.549999999999976175e-06,6.410562628377101646e+04,1.075959630096127808e+12,9.551781226742243958e+10,7.518233605015049934e+09,1.178995740074191650e+12
3.559999999999976080e-06,6.933021456778104766e+04,1.170573715793890869e+12,1.023779323833865509e+11,7.938839092928525925e+09,1.280890556600420410e+12
3.569999999999975984e-06,7.496019193464025739e+04,1.273135858035654297e+12,1.097042983279607086e+11,8.381381263961852074e+09,1.391221612587768799e+12
3.579999999999975888e-06,8.102543410362408031e+04,1.384282608988630859e+12,1.175268019273172760e+11,8.846920678653146744e+09,1.510656412620035400e+12
3.589999999999975792e-06,8.755790227796061663e+04,1.504699013649420410e+12,1.258771359397536163e+11,9.336565078494201660e+09,1.639912802225570557e+12
3.599999999999975697e-06,9.459178060222850763e+04,1.635122114455422119e+12,1.347888955456103210e+11,9.851471297589351654e+09,1.779762575890402344e+12
3.609999999999975601e-06,1.021636221427101264e+05,1.776344695428312256e+12,1.442976851548464050e+11,1.039284724375101471e+10,1.931035329990531738e+12
3.619999999999975505e-06,1.103125038856242172e+05,1.929219281273856934e+12,1.544412307891876221e+11,1.096195395122747421e+10,2.094622576326775879e+12
3.629999999999975409e-06,1.190801912748853210e+05,2.094662407793342285e+12,1.652594983070581665e+11,1.156010770731585121e+10,2.271482132887907715e+12
3.639999999999975314e-06,1.285113128392165236e+05,2.273659180946063965e+12,1.767948177512765503e+11,1.218868225517020607e+10,2.462642809463823730e+12
3.649999999999975218e-06,1.386535454878488672e+05,2.467268142940710938e+12,1.890920141116877441e+11,1.284911107517407227e+10,2.669209406781118164e+12
3.659999999999975122e-06,1.495578110850859084e+05,2.676626464830330566e+12,2.021985448075737305e+11,1.354288974730452919e+10,2.892368048943020020e+12
3.669999999999975026e-06,1.612784849464672734e+05,2.902955486243384766e+12,2.161646442078670654e+11,1.427157839697646141e+10,3.133391870126713379e+12
3.679999999999974931e-06,1.738736169333495782e+05,3.147566624105003906e+12,2.310434755208694153e+11,1.503680422691638756e+10,3.393647077726406738e+12
3.689999999999974835e-06,1.874051658585235709e+05,3.411867673491567383e+12,2.468912903993236084e+11,1.584026413767650032e+10,3.674599415433733398e+12
3.699999999999974739e-06,2.019392479529360426e+05,3.697369525121937500e+12,2.637675966215052490e+11,1.668372743946289062e+10,3.977821051122153809e+12
3.709999999999974643e-06,2.175464001830035122e+05,4.005693325422499512e+12,2.817353342241720581e+11,1.756903865801504898e+10,4.304997915851086914e+12
3.719999999999974548e-06,2.343018592491181626e+05,4.338578106615331055e+12,3.008610604791751099e+11,1.849812043733885193e+10,4.657937521833704102e+12
3.729999999999974452e-06,2.522858571392795420e+05,4.697888915873583984e+12,3.212151441218854980e+11,1.947297654215792465e+10,5.038577288823485352e+12
3.739999999999974356e-06,2.715839341570310062e+05,5.085625474267885742e+12,3.428719692567507935e+11,2.049569496301768875e+10,5.448993410071588867e+12
3.749999999999974260e-06,2.922872703903282527e+05,5.503931397998334961e+12,3.659101493828467407e+11,2.156845112703903580e+10,5.891410290795491211e+12
3.759999999999974165e-06,3.144930366377377068e+05,5.955104016272647461e+12,3.904127520007565918e+11,2.269351121738848114e+10,6.368210593983830078e+12
3.769999999999974069e-06,3.383047658603527234e+05,6.441604822155005859e+12,4.164675342809765015e+11,2.387323560459668350e+10,6.881945930345344727e+12
3.779999999999973973e-06,3.638327462825421244e+05,6.966070594780078125e+12,4.441671902938146973e+11,2.511008239292844772e+10,7.435348231299567383e+12
3.789999999999973878e-06,3.911944373214299558e+05,7.531325233505364258e+12,4.736096103210803223e+11,2.640661108507314301e+10,8.031341846105955078e+12
3.799999999999973782e-06,4.205149095852160826e+05,8.140392346868211914e+12,5.048981527909605713e+11,2.776548636849459076e+10,8.673056406542576172e+12
3.809999999999973686e-06,4.519273102425743709e+05,8.796508641626792969e+12,5.381419293994161377e+11,2.918948202685101318e+10,9.363840504980371094e+12
3.819999999999973590e-06,4.855733551312134368e+05,9.503138159706849609e+12,5.734561040038925781e+11,3.068148497996120453e+10,1.010727623426405859e+13
3.829999999999973495e-06,5.216038490418936126e+05,1.026398741354268164e+13,6.109622058986970215e+11,3.224449945586780930e+10,1.090719464050109570e+13
3.839999999999973399e-06,5.601792356861880980e+05,1.108302147311721875e+13,6.507884581055292969e+11,3.388165129861568451e+10,1.176769214270059961e+13
3.849999999999973303e-06,6.014701789308195002e+05,1.196448106095617969e+13,6.930701213377336426e+11,3.559619241543563080e+10,1.269314797617952930e+13
3.859999999999973207e-06,6.456581769602224231e+05,1.291290071443986523e+13,7.379498543226695557e+11,3.739150536709357452e+10,1.368824271978780664e+13
3.869999999999973112e-06,6.929362111105970107e+05,1.393312807806201172e+13,7.855780911934941406e+11,3.927110810523579407e+10,1.475797797029695312e+13
3.879999999999973016e-06,7.435094312046052655e+05,1.503034439169817383e+13,8.361134366892423096e+11,4.123865886063121796e+10,1.590769723075747852e+13
3.889999999999972920e-06,7.975958793051529210e+05,1.621008624454685547e+13,8.897230799306646729e+11,4.329796118628365326e+10,1.714310808325968164e+13
3.899999999999972824e-06,8.554272539007675368e+05,1.747826866820292578e+13,9.465832275689368896e+11,4.545296915945233917e+10,1.847030572035857031e+13
3.909999999999972729e-06,9.172497166319679236e+05,1.884120964629122266e+13,1.006879557134724121e+12,4.770779274669551849e+10,1.989579791342235547e+13
3.919999999999972633e-06,9.833247437712133396e+05,2.030565612227626953e+13,1.070807691446736328e+12,5.006670333611238098e+10,2.142653150038385938e+13
3.929999999999972537e-06,1.053930024774686899e+06,2.187881159143755469e+13,1.138573694971321777e+12,5.253413944103748322e+10,2.306992047977993750e+13
3.939999999999972441e-06,1.129360410336252302e+06,2.356836536761452344e+13,1.210394593058201904e+12,5.511471257949684143e+10,2.483387580261263281e+13
3.949999999999972346e-06,1.209928912489662413e+06,2.538252362014763281e+13,1.286498915012226807e+12,5.781321333381374359e+10,2.672683695842258594e+13
3.959999999999972250e-06,1.295967759426932316e+06,2.733004228151244531e+13,1.367127261996487793e+12,6.063461759481031036e+10,2.875780545707150000e+13
3.969999999999972154e-06,1.387829507827098481e+06,2.942026193146083984e+13,1.452532900799265869e+12,6.358409299511861420e+10,3.093638031308473047e+13
3.979999999999972058e-06,1.485888215622003190e+06,3.166314476905687500e+13,1.542982384534929199e+12,6.666700553617776489e+10,3.327279564501619922e+13
3.989999999999971963e-06,1.590540678263517329e+06,3.406931378984027734e+13,1.638756201388238037e+12,6.988892641355368042e+10,3.577796050818275000e+13
3.999999999999971867e-06,1.702207731700393837e+06,3.665009429148044531e+13,1.740149452551777832e+12,7.325563904528279114e+10,3.846350108528524219e+13
4.009999999999971771e-06,1.821335625423502177e+06,3.941755783770432812e+13,1.847472560547710205e+12,7.677314630799548340e+10,4.134180536589565625e+13
4.019999999999971675e-06,1.948397469093646156e+06,4.238456881701347656e+13,1.961052009167709717e+12,8.044767798563211060e+10,4.442607045256428906e+13
4.029999999999971580e-06,2.083894756430552574e+06,4.556483373975535938e+13,2.081231116309239746e+12,8.428569843562089539e+10,4.773035263839497656e+13
4.039999999999971484e-06,2.228358970210296102e+06,4.897295342449903125e+13,2.208370841031138672e+12,8.829391447743687439e+10,5.126962040836657812e+13
4.049999999999971388e-06,2.382353272397033870e+06,5.262447823240169531e+13,2.342850626198535645e+12,9.247928350851147461e+10,5.505981052446201562e+13
4.059999999999971292e-06,2.546474283618067857e+06,5.653596651634421875e+13,2.485069278134657715e+12,9.684902185250990295e+10,5.911788736280566406e+13
4.069999999999971197e-06,2.721353956385245081e+06,6.072504646010299219e+13,2.635445884746547363e+12,1.014106133450353088e+11,6.346190567954853125e+13
4.079999999999971101e-06,2.907661546664636582e+06,6.521048149167396094e+13,2.794420773642177734e+12,1.061718181618613129e+11,6.811107699113954688e+13
4.089999999999971005e-06,3.106105688606349751e+06,7.001223946417824219e+13,2.962456511808625488e+12,1.111406818948302002e+11,7.308583976398739062e+13
4.099999999999970909e-06,3.317436577462482732e+06,7.515156580744976562e+13,3.140038948473953613e+12,1.163255448805868530e+11,7.840793361824089062e+13
4.109999999999970814e-06,3.542448265949137043e+06,8.065106086360578125e+13,3.327678302830977051e+12,1.217350517873547974e+11,8.410047776067239062e+13
4.119999999999970718e-06,3.781981079541976564e+06,8.653476163047828125e+13,3.525910298356660156e+12,1.273781614649710388e+11,9.018805387228098438e+13
4.129999999999970622e-06,4.036924156441735104e+06,9.282822814791514062e+13,3.735297345518726562e+12,1.332641570634351807e+11,9.669679368742146875e+13
4.139999999999970526e-06,4.308218118199648336e+06,9.955863477355500000e+13,3.956429774721036621e+12,1.394026564252318420e+11,1.036544715129193906e+14
4.149999999999970431e-06,4.596857877260223031e+06,1.067548666068092812e+14,4.189927121398771973e+12,1.458036227567027893e+11,1.110906019478226250e+14
4.159999999999970335e-06,4.903895587951906025e+06,1.144476213324397656e+14,4.436439465237378906e+12,1.524773755837441711e+11,1.190365430771564844e+14
4.169999999999970239e-06,5.230443747746567242e+06,1.226695167683875781e+14,4.696648825553182617e+12,1.594346019971128235e+11,1.275256054263816250e+14
4.179999999999970144e-06,5.577678455904629081e+06,1.314552044162966562e+14,4.971270614938153320e+12,1.666863681926146851e+11,1.365931669771058750e+14
4.189999999999970048e-06,5.946842836934963241e+06,1.408414893276226562e+14,5.261055153338328125e+12,1.742441313114353943e+11,1.462767945591152500e+14
4.199999999999969952e-06,6.339250636619631201e+06,1.508674566132815000e+14,5.566789244804239258e+12,1.821197515858539734e+11,1.566163719489222188e+14
4.209999999999969856e-06,6.756289998691710643e+06,1.615746049405139375e+14,5.889297819220518555e+12,1.903255047955588379e+11,1.676542350208200312e+14
4.219999999999969761e-06,7.199427430598040111e+06,1.730069873770400312e+14,6.229445641394704102e+12,1.988740950397439880e+11,1.794353143129019375e+14
4.229999999999969665e-06,7.670211967148101889e+06,1.852113599597004688e+14,6.588139089956558594e+12,2.077786678301332397e+11,1.920072853876991250e+14
4.239999999999969569e-06,8.170279541217030026e+06,1.982373383826214688e+14,6.966328008595745117e+12,2.170528235100194702e+11,2.054207273850067812e+14
4.249999999999969473e-06,8.701357571071198210e+06,2.121375632185544688e+14,7.365007632239679688e+12,2.267106310043473816e+11,2.197292901831560625e+14
4.259999999999969378e-06,9.265269774281697348e+06,2.269678741064586562e+14,7.785220590853139648e+12,2.367666419058203430e+11,2.349898706044873750e+14
4.269999999999969282e-06,9.863941218619171530e+06,2.427874933585650000e+14,8.228058993618733398e+12,2.472359049019092407e+11,2.512627981210268438e+14
4.279999999999969186e-06,1.049940362075436302e+07,2.596592194613244062e+14,8.694666596339164062e+12,2.581339805475666504e+11,2.686120305376147500e+14
4.289999999999969090e-06,1.117380090404858999e+07,2.776496309664911250e+14,9.186241054983892578e+12,2.694769563883676758e+11,2.871053601516643125e+14
4.299999999999968995e-06,1.188939502718281746e+07,2.968293012915251875e+14,9.704036268386962891e+12,2.812814624386567993e+11,3.068146309117458125e+14
4.309999999999968899e-06,1.264857209586731531e+07,3.172730249723046875e+14,1.024936481318799219e+13,2.935646870192048340e+11,3.278159671210840000e+14
4.319999999999968803e-06,1.345384877037843317e+07,3.390600559358814375e+14,1.082360047419420312e+13,3.063443929587071533e+11,3.501900142568830625e+14
4.329999999999968707e-06,1.430787898219334893e+07,3.622743583868681250e+14,1.142818087343146289e+13,3.196389341633496704e+11,3.740221925023419375e+14
4.339999999999968612e-06,1.521346097354073450e+07,3.870048709278454375e+14,1.206461020123955859e+13,3.334672725584901123e+11,3.994029636151045000e+14
4.349999999999968516e-06,1.617354467424672283e+07,4.133457845621445000e+14,1.273446205285975781e+13,3.478489954063430176e+11,4.264281117839552500e+14
4.359999999999968420e-06,1.719123943084701523e+07,4.413968352563959375e+14,1.343938237405393945e+13,3.628043330033815308e+11,4.551990391546926875e+14
4.369999999999968324e-06,1.826982210353203490e+07,4.712636117704286875e+14,1.418109251938840430e+13,3.783541767609655151e+11,4.858230767364001250e+14
4.379999999999968229e-06,1.941274554713413864e+07,5.030578794935260625e+14,1.496139242691062695e+13,3.945200976724913330e+11,5.184138114308547500e+14
4.389999999999968133e-06,2.062364749300345778e+07,5.368979210587053750e+14,1.578216391304294531e+13,4.113243651701585693e+11,5.530914299605660000e+14
4.399999999999968037e-06,2.190635984930586442e+07,5.729088945405643750e+14,1.664537409161444531e+13,4.287899663741912231e+11,5.899830805049130000e+14
4.409999999999967941e-06,2.326491843796344846e+07,6.112232100774582500e+14,1.755307892105015039e+13,4.469406257370796509e+11,6.292232528891640000e+14
4.419999999999967846e-06,2.470357318718821555e+07,6.519809257954588750e+14,1.850742688383682812e+13,4.658008250851771851e+11,6.709541782079540000e+14
4.429999999999967750e-06,2.622679879931239411e+07,6.953301639494382500e+14,1.951066280248428516e+13,4.853958240596722412e+11,7.153262488027808750e+14
4.439999999999967654e-06,2.783930591437475011e+07,7.414275482361273750e+14,2.056513179630144922e+13,5.057516809586461792e+11,7.624984595526933750e+14
4.449999999999967558e-06,2.954605279075221345e+07,7.904386632748642500e+14,2.167328338341069922e+13,5.268952739816099854e+11,8.126388714783093750e+14
4.459999999999967463e-06,3.135225752492826059e+07,8.425385372943733750e+14,2.283767573252267188e+13,5.488543228775944214e+11,8.659250987020311250e+14
4.469999999999967367e-06,3.326341083336714655e+07,8.979121491077486250e+14,2.406098006910168750e+13,5.716574109974577637e+11,9.225448198512587500e+14
4.479999999999967271e-06,3.528528942034065723e+07,9.567549605037130000e+14,2.534598524065120312e+13,5.953340077507430420e+11,9.826963150374043750e+14
4.489999999999967175e-06,3.742396995647042245e+07,1.019273475229397250e+15,2.669560244595440625e+13,6.199144914669838867e+11,1.046589029590788625e+15
4.499999999999967080e-06,3.968584369370935112e+07,1.085685825789287000e+15,2.811287013321216797e+13,6.454301726609648438e+11,1.114444165781003875e+15
4.509999999999966984e-06,4.207763174345158786e+07,1.156222389335286750e+15,2.960095907211825000e+13,6.719133177009825439e+11,1.186495303802737750e+15
4.519999999999966888e-06,4.460640104548054188e+07,1.231126433976334750e+15,3.116317760502514453e+13,6.993971728786918945e+11,1.262989053360639750e+15
4.529999999999966792e-06,4.727958105651361495e+07,1.310654796889767750e+15,3.280297708244826953e+13,7.279159888786647949e+11,1.344185737240675750e+15
4.539999999999966697e-06,5.010498118818425387e+07,1.395078595673861750e+15,3.452395748827060156e+13,7.575050456452614746e+11,1.430360108312758750e+15
4.549999999999966601e-06,5.309080902540584654e+07,1.484683974438787750e+15,3.632987326010463281e+13,7.882006776438754883e+11,1.521802101467345500e+15
4.559999999999966505e-06,5.624568935723913461e+07,1.579772886194478000e+15,3.822463931037810938e+13,8.200402995131243896e+11,1.618817622050058250e+15
4.569999999999966410e-06,5.957868405355557054e+07,1.680663913155709500e+15,4.021233725380932812e+13,8.530624321039107666e+11,1.721729372420306750e+15
4.579999999999966314e-06,6.309931282202137262e+07,1.787693126650282500e+15,4.229722184703764062e+13,8.873067289007404785e+11,1.830877718325533750e+15
4.589999999999966218e-06,6.681757488121174276e+07,1.901214988382331750e+15,4.448372764628131250e+13,9.228140028200551758e+11,1.946621596849008000e+15
4.599999999999966122e-06,7.074397158695337176e+07,2.021603294872849250e+15,4.677647588898918750e+13,9.596262533797000732e+11,2.069339467759189750e+15
4.609999999999966027e-06,7.488953005035477877e+07,2.149252166970113000e+15,4.918028160554802344e+13,9.977866942329459229e+11,2.199430310159424000e+15
4.619999999999965931e-06,7.926582778737138212e+07,2.284577086397401500e+15,5.170016096721360156e+13,1.037339781059890137e+12,2.337314666411503000e+15
4.629999999999965835e-06,8.388501844120565057e+07,2.428015981381146500e+15,5.434133887651246875e+13,1.078331239808240356e+12,2.483435735382485500e+15
4.639999999999965739e-06,8.875985862028604746e+07,2.580030363481613000e+15,5.710925680647147656e+13,1.120808095274830566e+12,2.638260517143218000e+15
4.649999999999965644e-06,9.390373589614900947e+07,2.741106517829656500e+15,6.000958089510578125e+13,1.164818700018483154e+12,2.802281011328517000e+15
4.659999999999965548e-06,9.933069800705972314e+07,2.911756749056502000e+15,6.304821030169180469e+13,1.210412763593938721e+12,2.976015471452486000e+15
4.669999999999965452e-06,1.050554833148904294e+08,3.092520685290768500e+15,6.623128583143466406e+13,1.257641382095904785e+12,3.160009717559782500e+15
4.679999999999965356e-06,1.110935525643926561e+08,3.283966642685307000e+15,6.956519883522157031e+13,1.306557068001384766e+12,3.354838509682082500e+15
4.689999999999965261e-06,1.174611219957520962e+08,3.486693053029270000e+15,7.305660039122634375e+13,1.357213780297591797e+12,3.561106984661916000e+15
4.699999999999965165e-06,1.241751978630782068e+08,3.701329957094804500e+15,7.671241077521284375e+13,1.409666954881961670e+12,3.779452159000097500e+15
4.709999999999965069e-06,1.312536124132951349e+08,3.928540566466111000e+15,8.053982922644598438e+13,1.463973535219771240e+12,4.010544500481389500e+15
4.719999999999964973e-06,1.387150613817856312e+08,4.169022896698630500e+15,8.454634401619354688e+13,1.520192003244101807e+12,4.255089571433129500e+15
4.729999999999964878e-06,1.465791430630754530e+08,4.423511474759961500e+15,8.873974282585965625e+13,1.578382410481817627e+12,4.513829746575446000e+15
4.739999999999964782e-06,1.548663990168214142e+08,4.692779123810546000e+15,9.312812344185078125e+13,1.638606409388383301e+12,4.787546008528184000e+15
4.749999999999964686e-06,1.635983564714270830e+08,4.977638828491852000e+15,9.771990477432718750e+13,1.700927284873378906e+12,5.077059824149408000e+15
4.759999999999964590e-06,1.727975724896896482e+08,5.278945684002714000e+15,1.025238382070331719e+14,1.765409985997495117e+12,5.383235104993316000e+15
4.769999999999964495e-06,1.824876799630608857e+08,5.597598932359462000e+15,1.075490192854573281e+14,1.832121157820873047e+12,5.706980255290420000e+15
4.779999999999964399e-06,1.926934355033344626e+08,5.934544089356814000e+15,1.128048997505911875e+14,1.901129173381661133e+12,6.049250310974223000e+15
4.789999999999964303e-06,2.034407693028399944e+08,6.290775165865735000e+15,1.183012999255917812e+14,1.972504165782520508e+12,6.411049173397879000e+15
4.799999999999964207e-06,2.147568370365698934e+08,6.667336987233572000e+15,1.240484214626871562e+14,2.046318060361925537e+12,6.793431941513458000e+15
4.809999999999964112e-06,2.266700738820947409e+08,7.065327614678650000e+15,1.300568604576586562e+14,2.122644606925856689e+12,7.197507346413309000e+15
4.819999999999964016e-06,2.392102507356014550e+08,7.485900872704315000e+15,1.363376209392595781e+14,2.201559412014701172e+12,7.624440292265841000e+15
4.829999999999963920e-06,2.524085327048933804e+08,7.930268986694868000e+15,1.429021287409281562e+14,2.283139971178777344e+12,8.075454507815508000e+15
4.839999999999963824e-06,2.662975399628825486e+08,8.399705334993167000e+15,1.497622457621401562e+14,2.367465701235100586e+12,8.551835312754082000e+15
4.849999999999963729e-06,2.809114110476732850e+08,8.895547319904369000e+15,1.569302846267390938e+14,2.454617972476804688e+12,9.054932503414996000e+15
4.859999999999963633e-06,2.962858686982266307e+08,9.419199362215810000e+15,1.644190237455569375e+14,2.544680140805550293e+12,9.586163362388040000e+15
4.869999999999963537e-06,3.124582883172978163e+08,9.972136023974374000e+15,1.722417227906098750e+14,2.637737579756244629e+12,1.014701579680302800e+16
4.879999999999963441e-06,3.294677691562847495e+08,1.055590526441407600e+16,1.804121385881024062e+14,2.733877712382213379e+12,1.073905161018233000e+16
4.889999999999963346e-06,3.473552083196513653e+08,1.117213183408732400e+16,1.889445414374388125e+14,2.833190042968059082e+12,1.136390991292293800e+16
4.899999999999963250e-06,3.661633776895386577e+08,1.182252081241184400e+16,1.978537318633740000e+14,2.935766188536166992e+12,1.202331067662713200e+16
4.909999999999963154e-06,3.859370038743287921e+08,1.250886129401067000e+16,2.071550578083660938e+14,3.041699910112006348e+12,1.271905843766615200e+16
4.919999999999963058e-06,4.067228512882632017e+08,1.323303022939266600e+16,2.168644322721139062e+14,3.151087143712114746e+12,1.345304615553134400e+16
4.929999999999962963e-06,4.285698084722163677e+08,1.399699642568980400e+16,2.269983514051774688e+14,3.264026031017853027e+12,1.422725923169580800e+16
4.939999999999962867e-06,4.515289777694352865e+08,1.480282471334848200e+16,2.375739130634750312e+14,3.380616949696848633e+12,1.504377969489063200e+16
4.949999999999962771e-06,4.756537684731958508e+08,1.565268028484681000e+16,2.486088358303462812e+14,3.500962543333097168e+12,1.590479055887425800e+16
4.959999999999962676e-06,5.009999935671017766e+08,1.654883321169705400e+16,2.601214785127308750e+14,3.625167750925946289e+12,1.681258035896070400e+16
4.969999999999962580e-06,5.276259701820882559e+08,1.749366314617789400e+16,2.721308601179164688e+14,3.753339835916890137e+12,1.776954787375769600e+16
4.979999999999962484e-06,5.555926238982766867e+08,1.848966421443213200e+16,2.846566803171045625e+14,3.885588414702680664e+12,1.877820703875656400e+16
4.989999999999962388e-06,5.849635970232352018e+08,1.953945010776367200e+16,2.977193404019746875e+14,4.022025484592047852e+12,1.984119205861383600e+16
4.999999999999962293e-06,6.158053609822666645e+08,2.064575937915856000e+16,3.113399647401493750e+14,4.162765451162714355e+12,2.096126272515523200e+16
5.009999999999962197e-06,6.481873329603085518e+08,2.181146095226792400e+16,3.255404227353950625e+14,4.307925154974508789e+12,2.214130994834562800e+16
5.019999999999962101e-06,6.821819969390752316e+08,2.303955985028622000e+16,3.403433512981108125e+14,4.457623897593941406e+12,2.338436150766392000e+16
5.029999999999962005e-06,7.178650292772247791e+08,2.433320315237658000e+16,3.557721778315252500e+14,4.611983466884616211e+12,2.469358803154001600e+16
5.039999999999961910e-06,7.553154289853237867e+08,2.569568618550079200e+16,3.718511437387434375e+14,4.771128161517552734e+12,2.607230921271648000e+16
5.049999999999961814e-06,7.946156528525184393e+08,2.713045895973834400e+16,3.886053284556118125e+14,4.935184814654752930e+12,2.752400026762426400e+16
5.059999999999961718e-06,8.358517555849127769e+08,2.864113285538632800e+16,4.060606740141096250e+14,5.104282816759077148e+12,2.905229864806895200e+16
5.069999999999961622e-06,8.791135351217765808e+08,3.023148757037208000e+16,4.242440101406995000e+14,5.278554137483069336e+12,3.066101101376380000e+16
5.079999999999961527e-06,9.244946832988907099e+08,3.190547833672491600e+16,4.431830798938662500e+14,5.458133346588786133e+12,3.235412047446005600e+16
5.089999999999961431e-06,9.720929420340887308e+08,3.366724341509220800e+16,4.629065658447312500e+14,5.643157633851164062e+12,3.413579411066373600e+16
5.099999999999961335e-06,1.022010265214450002e+09,3.552111187651774000e+16,4.834441168044061250e+14,5.833766827896432617e+12,3.601039078216030800e+16
5.109999999999961239e-06,1.074352986469365597e+09,3.747161168094012000e+16,5.048263751014316875e+14,6.030103413927765625e+12,3.798246923380846400e+16
5.119999999999961144e-06,1.129231993019380569e+09,3.952347806210547200e+16,5.270850044122746250e+14,6.232312550289890625e+12,4.005679650830002400e+16
5.129999999999961048e-06,1.186762905795047045e+09,4.168166222884506400e+16,5.502527181477070625e+14,6.440542083825166992e+12,4.223835667583949600e+16
5.139999999999960952e-06,1.247066266026009321e+09,4.395134039290042400e+16,5.743633083973605000e+14,6.654942563973173828e+12,4.453235989092802400e+16
5.149999999999960856e-06,1.310267728505340099e+09,4.633792313374360000e+16,5.994516754345503750e+14,6.875667255566489258e+12,4.694425178670144800e+16
5.159999999999960761e-06,1.376498261739957333e+09,4.884706511109160800e+16,6.255538577831198750e+14,7.102872150276372070e+12,4.947972321752327200e+16
5.169999999999960665e-06,1.445894355203618050e+09,5.148467513606504800e+16,6.527070628475626250e+14,7.336715976661712891e+12,5.214472036078362400e+16
5.179999999999960569e-06,1.518598233914107800e+09,5.425692661220811200e+16,6.809496981075191250e+14,7.577360208776001953e+12,5.494545518912264000e+16
5.189999999999960473e-06,1.594758080562727928e+09,5.717026835785052800e+16,7.103214028772286250e+14,7.824969073287787109e+12,5.788841632455912800e+16
5.199999999999960378e-06,1.674528265429867268e+09,6.023143582155037600e+16,7.408630806301505000e+14,8.079709555070922852e+12,6.098038028626386400e+16
5.209999999999960282e-06,1.758069584326329708e+09,6.344746270263972000e+16,7.726169318887275000e+14,8.341751401222169922e+12,6.422842314399925600e+16
5.219999999999960186e-06,1.845549504806220531e+09,6.682569298914699200e+16,8.056264876786448750e+14,8.611267123464778320e+12,6.763993258949860800e+16
5.229999999999960090e-06,1.937142420904078007e+09,7.037379342566416800e+16,8.399366435468027500e+14,8.888431998898564453e+12,7.122262043835228800e+16
5.239999999999959995e-06,2.033029916654368877e+09,7.409976642398803200e+16,8.755936941415953750e+14,9.173424069057570312e+12,7.498453557522860800e+16
5.249999999999959899e-06,2.133401038658925056e+09,7.801196342965164800e+16,9.126453683538960000e+14,9.466424137239345703e+12,7.893407735554380800e+16
5.259999999999959803e-06,2.238452577973875523e+09,8.211909875773838400e+16,9.511408650165808750e+14,9.767615764070482422e+12,8.308000947697160000e+16
5.269999999999959707e-06,2.348389361594758511e+09,8.643026391165974400e+16,9.911308891601448750e+14,1.007718526127567773e+13,8.743147433447052800e+16
5.279999999999959612e-06,2.463424553825441360e+09,9.095494239885657600e+16,1.032667688821528500e+15,1.039532168361990430e+13,9.199800787278628800e+16
5.289999999999959516e-06,2.583779967823120594e+09,9.570302505767155200e+16,1.075805092402819000e+15,1.072221681899485547e+13,9.678955495067332800e+16
5.299999999999959420e-06,2.709686387619310379e+09,1.006848259099433120e+17,1.120598546576268750e+15,1.105806517662374609e+13,1.018164852313825920e+17
5.309999999999959324e-06,2.841383900923740387e+09,1.059110985541354080e+17,1.167105154731481000e+15,1.140306397336113867e+13,1.070896096142241600e+17
5.319999999999959229e-06,2.979122243025894165e+09,1.113930531141382720e+17,1.215383715960337250e+15,1.175741311806669727e+13,1.126201972223389120e+17
5.329999999999959133e-06,3.123161152115456581e+09,1.171423737591481120e+17,1.265494764574943000e+15,1.212131519403551562e+13,1.184199929620782400e+17
5.339999999999959037e-06,3.273770736352589607e+09,1.231712368103509760e+17,1.317500610153351500e+15,1.249497543946970312e+13,1.245012356697145280e+17
5.349999999999958942e-06,3.431231853024419785e+09,1.294923294504014560e+17,1.371465378107546750e+15,1.287860172597942188e+13,1.308766768614668480e+17
5.359999999999958846e-06,3.595836500134381294e+09,1.361188690520248960e+17,1.427455050767857000e+15,1.327240453510579492e+13,1.375596001031643520e+17
5.369999999999958750e-06,3.767888220777247906e+09,1.430646231423424160e+17,1.485537508977672750e+15,1.367659693285964453e+13,1.445638410161411840e+17
5.379999999999958654e-06,3.947702520663001060e+09,1.503439300198263040e+17,1.545782574191770000e+15,1.409139454227545117e+13,1.519038079362628800e+17
5.389999999999958559e-06,4.135607299159006596e+09,1.579717200411048640e+17,1.608262051071661250e+15,1.451701551398247461e+13,1.595945032432977920e+17
5.399999999999958463e-06,4.331943294229854584e+09,1.659635375951334080e+17,1.673049770570825250e+15,1.495368049479940039e+13,1.676515453781423040e+17
5.409999999999958367e-06,4.537064541664080620e+09,1.743355637825528640e+17,1.740221633502391250e+15,1.540161259436245312e+13,1.760911915657141760e+17
5.419999999999958271e-06,4.751338848982138634e+09,1.831046398183539200e+17,1.809855654581850750e+15,1.586103734980124219e+13,1.849303612616244160e+17
5.429999999999958176e-06,4.975148284434027672e+09,1.922882911763084800e+17,1.882032006936896750e+15,1.633218268848029688e+13,1.941866603410821440e+17
5.439999999999958080e-06,5.208889681499823570e+09,2.019047524938777920e+17,1.956833067076491500e+15,1.681527888882964062e+13,2.038784060487328000e+17
5.449999999999957984e-06,5.452975159319254875e+09,2.119729932566796480e+17,2.034343460310918500e+15,1.731055853929044922e+13,2.140246527285050240e+17
5.459999999999957888e-06,5.707832659483365059e+09,2.225127442818685760e+17,2.114650106614673000e+15,1.781825649540758984e+13,2.246452183528113280e+17
5.469999999999957793e-06,5.973906499632628441e+09,2.335445250200967680e+17,2.197842266923682500e+15,1.833860983510494531e+13,2.357607118707620480e+17
5.479999999999957697e-06,6.251657944316054344e+09,2.450896716960600960e+17,2.284011589858350000e+15,1.887185781218348828e+13,2.473925613953885760e+17
5.489999999999957601e-06,6.541565793574623108e+09,2.571703663079261760e+17,2.373252158864099000e+15,1.941824180808745703e+13,2.595630432501641600e+17
5.499999999999957505e-06,6.844126989722993851e+09,2.698096665062551040e+17,2.465660539760588500e+15,1.997800528198807031e+13,2.722953118954246400e+17
5.509999999999957410e-06,7.159857242816554070e+09,2.830315363733693120e+17,2.561335828691390000e+15,2.055139371923898047e+13,2.856134307556371840e+17
5.519999999999957314e-06,7.489291675296565056e+09,2.968608781243928320e+17,2.660379700465301000e+15,2.113865457826219141e+13,2.995424039687280000e+17
5.529999999999957218e-06,7.832985486322702408e+09,3.113235647515854080e+17,2.762896457281269000e+15,2.174003723592836719e+13,3.141082090790880640e+17
5.539999999999957122e-06,8.191514636308530807e+09,3.264464736338088960e+17,2.868993077828389500e+15,2.235579293149944531e+13,3.293378306960834560e+17
5.549999999999957027e-06,8.565476552189955711e+09,3.422575211333796480e+17,2.978779266753022500e+15,2.298617470920598047e+13,3.452592951403184000e+17
5.559999999999956931e-06,8.955490853968042374e+09,3.587856982028686080e+17,3.092367504485189000e+15,2.363143735953727734e+13,3.619017061002042240e+17
5.569999999999956835e-06,9.362200103076066971e+09,3.760611070246503680e+17,3.209873097416368500e+15,2.429183735932501953e+13,3.792952813216261760e+17
5.579999999999956739e-06,9.786270573138175964e+09,3.941149987064956800e+17,3.331414228421597500e+15,2.496763281070770703e+13,3.974713903539985280e+17
5.589999999999956644e-06,1.022839304369355965e+10,4.129798120566569600e+17,3.457112007718693500e+15,2.565908337906523828e+13,4.164625933761477760e+17
5.599999999999956548e-06,1.068928361747728920e+10,4.326892134623829120e+17,3.587090524057904500e+15,2.636645023001882422e+13,4.363026811259544960e+17
5.609999999999956452e-06,1.116968456185709763e+10,4.532781378960015360e+17,3.721476896235846000e+15,2.708999596559466406e+13,4.570267159578874880e+17
5.619999999999956356e-06,1.167036517504395866e+10,4.747828310731870080e+17,3.860401324927800000e+15,2.782998455965478125e+13,4.786710740530396800e+17
5.629999999999956261e-06,1.219212267770054054e+10,4.972408927882484480e+17,4.003997144832907000e+15,2.858668129269939453e+13,5.012734888064967040e+17
5.639999999999956165e-06,1.273578313059231949e+10,5.206913214517056000e+17,4.152400877127940500e+15,2.936035268615277734e+13,5.248730954173027840e+17
5.649999999999956069e-06,1.330220237893335533e+10,5.451745598557278080e+17,4.305752282224780500e+15,3.015126643624444141e+13,5.495104767065911680e+17
5.659999999999955973e-06,1.389226702409763527e+10,5.707325421933904640e+17,4.464194412828486000e+15,3.095969134760273438e+13,5.752277101898335360e+17
5.669999999999955878e-06,1.450689542337937546e+10,5.974087423580787200e+17,4.627873667292775000e+15,3.178589726667961719e+13,6.020684164295335680e+17
5.679999999999955782e-06,1.514703871849700928e+10,6.252482235496431360e+17,4.796939843270613000e+15,3.263015501512850781e+13,6.300778086949676800e+17
5.689999999999955686e-06,1.581368189355786324e+10,6.542976892144436480e+17,4.971546191658531000e+15,3.349273632326085156e+13,6.593027439561072640e+17
5.699999999999955590e-06,1.650784486320797157e+10,6.846055353466177280e+17,5.151849470833679000e+15,3.437391376370555078e+13,6.897917752390599680e+17
5.709999999999955495e-06,1.723058359171068573e+10,7.162219041784236800e+17,5.338010001183865000e+15,3.527396068540239062e+13,7.215952053708765440e+17
5.719999999999955399e-06,1.798299124371452713e+10,7.491987392878686720e+17,5.530191719931144000e+15,3.619315114805683594e+13,7.547651421419390720e+17
5.729999999999955303e-06,1.876619936748208618e+10,7.835898421520908800e+17,5.728562236250968000e+15,3.713175985718885156e+13,7.893555549143984640e+17
5.739999999999955207e-06,1.958137911137598038e+10,8.194509301756821760e+17,5.933292886689212000e+15,3.809006209990821875e+13,8.254223327058503680e+17
5.749999999999955112e-06,2.042974247440364456e+10,8.568396962231151360e+17,6.144558790880927000e+15,3.906833368154703125e+13,8.630233437774200320e+17
5.759999999999955016e-06,2.131254359165168381e+10,8.958158696853313280e+17,6.362538907575019000e+15,4.006685086328445312e+13,9.022184967563132160e+17
5.769999999999954920e-06,2.223108005544892883e+10,9.364412791105313280e+17,6.587416090970395000e+15,4.108589030089586719e+13,9.430698033228826880e+17
5.779999999999954825e-06,2.318669427311890793e+10,9.787799164299349760e+17,6.819377147370077000e+15,4.212572898475753125e+13,9.856414424929840640e+17
5.789999999999954729e-06,2.418077486219984818e+10,1.022898002809637504e+18,7.058612892160554000e+15,4.318664418124017188e+13,1.029999826526754176e+18
5.799999999999954633e-06,2.521475808403135300e+10,1.068864056160152576e+18,7.305318207125196000e+15,4.426891337562062500e+13,1.076213668495411584e+18
5.809999999999954537e-06,2.629012931661774826e+10,1.116748960335558912e+18,7.559692098100659000e+15,4.537281421664048438e+13,1.124354051538005504e+18
5.819999999999954442e-06,2.740842456770901871e+10,1.166626036054949376e+18,7.821937752987405000e+15,4.649862446283858594e+13,1.174494499840824064e+18
5.829999999999954346e-06,2.857123202904905701e+10,1.218571113578994688e+18,8.092262600125647000e+15,4.764662193078106250e+13,1.226711051372283136e+18
5.839999999999954250e-06,2.978019367276918793e+10,1.272662607175256832e+18,8.370878367049305000e+15,4.881708444531345312e+13,1.281082332406945280e+18
5.849999999999954154e-06,3.103700689091868210e+10,1.328981591406184192e+18,8.658001139631949000e+15,5.001028979194890625e+13,1.337689633872614912e+18
5.859999999999954059e-06,3.234342617914935684e+10,1.387611879274270208e+18,8.953851421638971000e+15,5.122651567151132031e+13,1.396616989555006976e+18
5.869999999999953963e-06,3.370126486559135818e+10,1.448640102259541760e+18,9.258654194702720000e+15,5.246603965714392188e+13,1.457951256195166720e+18
5.879999999999953867e-06,3.511239688597873688e+10,1.512155792284813312e+18,9.572638978735990000e+15,5.372913915378944531e+13,1.521782195515099648e+18
5.889999999999953771e-06,3.657875860610437775e+10,1.578251465645064192e+18,9.896039892803190000e+15,5.501609136024603906e+13,1.588202558207986176e+18
5.899999999999953676e-06,3.810235069270690918e+10,1.647022708937443840e+18,1.022909571646691600e+16,5.632717323389514062e+13,1.657308169929495296e+18
5.909999999999953580e-06,3.968524003392221069e+10,1.718568267029346816e+18,1.057204995163029800e+16,5.766266145819556250e+13,1.729198019327675392e+18
5.919999999999953484e-06,4.132956171043724060e+10,1.792990133102499328e+18,1.092515088489568000e+16,5.902283241302938281e+13,1.803974348149369600e+18
5.929999999999953388e-06,4.303752101853157043e+10,1.870393640811422464e+18,1.128865165046132200e+16,6.040796214798196875e+13,1.881742743461552896e+18
5.939999999999953293e-06,4.481139554620130157e+10,1.950887558595573760e+18,1.166281029357817800e+16,6.181832635863069531e+13,1.962612232026906112e+18
5.949999999999953197e-06,4.665353730357894135e+10,2.034584186184955648e+18,1.204788983459185000e+16,6.325420036591130469e+13,2.046695376873450496e+18
5.959999999999953101e-06,4.856637490891605377e+10,2.121599453339406336e+18,1.244415833359087200e+16,6.471585909862496094e+13,2.134108376098470656e+18
5.969999999999953005e-06,5.055241583138690186e+10,2.212053020863122688e+18,1.285188895568983200e+16,6.620357707913905469e+13,2.224971163948307200e+18
5.979999999999952910e-06,5.261424869201926422e+10,2.306068383935906304e+18,1.327136003697015000e+16,6.771762841233300781e+13,2.319407514215537152e+18
5.989999999999952814e-06,5.475454562408121490e+10,2.403772977803659776e+18,1.370285515110662800e+16,6.925828677782791406e+13,2.417545145996089856e+18
5.999999999999952718e-06,5.697606469427630615e+10,2.505298285871516672e+18,1.414666317670566000e+16,7.082582542553409375e+13,2.519515831849712128e+18
6.009999999999952622e-06,5.928165238613516235e+10,2.610779950243636736e+18,1.460307836538365200e+16,7.242051717454396875e+13,2.625455508407847424e+18
6.019999999999952527e-06,6.167424614700701141e+10,2.720357884754120192e+18,1.507240041061263600e+16,7.404263441538598438e+13,2.735504389473394688e+18
6.029999999999952431e-06,6.415687700009472656e+10,2.834176390534847488e+18,1.555493451736297600e+16,7.569244911565304688e+13,2.849807081658203136e+18
6.039999999999952335e-06,6.673267222300826263e+10,2.952384274166369280e+18,1.605099147257015800e+16,7.737023282900645312e+13,2.968512702604440576e+18
6.049999999999952239e-06,6.940485809432740784e+10,3.075134968458864640e+18,1.656088771645684600e+16,7.907625670755034375e+13,3.091775001836887040e+18
6.059999999999952144e-06,7.217676270970977783e+10,3.202586655911474688e+18,1.708494541473881400e+16,8.081079151756562500e+13,3.219752484294494208e+18
6.069999999999952048e-06,7.505181886910983276e+10,3.334902394898125312e+18,1.762349253174399000e+16,8.257410765857934375e+13,3.352608536589346816e+18
6.079999999999951952e-06,7.803356703668913269e+10,3.472250248630069248e+18,1.817686290447538000e+16,8.436647518574250000e+13,3.490511556043297280e+18
6.089999999999951856e-06,8.112565837505796814e+10,3.614803416945114624e+18,1.874539631764724000e+16,8.618816383548142188e+13,3.633635082552256000e+18
6.099999999999951761e-06,8.433185785550044250e+10,3.762740370975265280e+18,1.932943857972452400e+16,8.803944305437542188e+13,3.782157933329902080e+18
6.109999999999951665e-06,8.765604744587054443e+10,3.916244990744643072e+18,1.992934159999542000e+16,8.992058203121106250e+13,3.936264340582717440e+18
6.119999999999951569e-06,9.110222937790007019e+10,4.075506705751340544e+18,2.054546346670622800e+16,9.183184973215418750e+13,4.096144092170008576e+18
6.129999999999951473e-06,9.467452949566093445e+10,4.240720638586665472e+18,2.117816852628986400e+16,9.377351493897100000e+13,4.261992675302423552e+18
6.139999999999951378e-06,9.837720068698783875e+10,4.412087751647432192e+18,2.182782746371366800e+16,9.574584629022825000e+13,4.434011423334637056e+18
6.149999999999951282e-06,1.022146263997042999e+11,4.589814996996749312e+18,2.249481738397971600e+16,9.774911232539004688e+13,4.612407665707680768e+18
6.159999999999951186e-06,1.061913242444914703e+11,4.774115469430787072e+18,2.317952189480231200e+16,9.978358153172465625e+13,4.797394881098445824e+18
6.169999999999951091e-06,1.103119496863323975e+11,4.965208562808850432e+18,2.388233119049280000e+16,1.018495223939269062e+14,4.989192853833687040e+18
6.179999999999950995e-06,1.145812998264650726e+11,5.163320129706392576e+18,2.460364213707901600e+16,1.039472034463632969e+14,5.188027833628218368e+18
6.189999999999950899e-06,1.190043172768256683e+11,5.368682644450427904e+18,2.534385835868496400e+16,1.060768933278245469e+14,5.394132698706757632e+18
6.199999999999950803e-06,1.235860941289976654e+11,5.581535369598523392e+18,2.610339032519874000e+16,1.082388608386875156e+14,5.607747122370655232e+18
6.209999999999950708e-06,1.283318760197385864e+11,5.802124525923372032e+18,2.688265544125172800e+16,1.104333750003570625e+14,5.829117743071500288e+18
6.219999999999950612e-06,1.332470662951823425e+11,6.030703465966076928e+18,2.768207813653660800e+16,1.126607051168840469e+14,6.058498338054797312e+18
6.229999999999950516e-06,1.383372302758292847e+11,6.267532851222118400e+18,2.850208995748633200e+16,1.149211208386189062e+14,6.296150000637673472e+18
6.239999999999950420e-06,1.436080996245712891e+11,6.512880833025643520e+18,2.934312966033706400e+16,1.172148922277865469e+14,6.542341321186308096e+18
6.249999999999950325e-06,1.490655768199056091e+11,6.767023237198047232e+18,3.020564330559772400e+16,1.195422898258394375e+14,6.797348571859047424e+18
6.259999999999950229e-06,1.547157397366478577e+11,7.030243752527920128e+18,3.109008435394788000e+16,1.219035847224631406e+14,7.061455895182330880e+18
6.269999999999950133e-06,1.605648463364411316e+11,7.302834123151991808e+18,3.199691376358246000e+16,1.242990486260900938e+14,7.334955496529046528e+18
6.279999999999950037e-06,1.666193394704258423e+11,7.585094344905389056e+18,3.292660008902428800e+16,1.267289539357836250e+14,7.618147840567689216e+18
6.289999999999949942e-06,1.728858517964620667e+11,7.877332865712806912e+18,3.387961958142128400e+16,1.291935738143532031e+14,7.911341851753894912e+18
6.299999999999949846e-06,1.793712108133379822e+11,8.179866790092620800e+18,3.485645629034600400e+16,1.316931822625526406e+14,8.214855118936439808e+18
6.309999999999949750e-06,1.860824440144934692e+11,8.493022087845861376e+18,3.585760216711270000e+16,1.342280541942203438e+14,8.529014104149612544e+18
6.319999999999949654e-06,1.930267841637510681e+11,8.817133807005925376e+18,3.688355716962837600e+16,1.367984655122170938e+14,8.854154355667850240e+18
6.329999999999949559e-06,2.002116746956868896e+11,9.152546291122770944e+18,3.793482936878892800e+16,1.394046931850124531e+14,9.190620725396419584e+18
6.339999999999949463e-06,2.076447752432228088e+11,9.499613400959209472e+18,3.901193505643525600e+16,1.420470153237808438e+14,9.538767590675742720e+18
6.349999999999949367e-06,2.153339672951766968e+11,9.858698740676468736e+18,4.011539885487932000e+16,1.447257112598567500e+14,9.898959080576575488e+18
6.359999999999949271e-06,2.232873599864747925e+11,1.023017588858832691e+19,4.124575382801057600e+16,1.474410616224110000e+14,1.027156930676531814e+19
6.369999999999949176e-06,2.315132960237976990e+11,1.061442863256325120e+19,4.240354159399318400e+16,1.501933484162025000e+14,1.065698259901895680e+19
6.379999999999949080e-06,2.400203577495351868e+11,1.101185121015623475e+19,4.358931243955828800e+16,1.529828550992727812e+14,1.105559374547124838e+19
6.389999999999948984e-06,2.488173733468873901e+11,1.142284855355336704e+19,4.480362543590370400e+16,1.558098666604343750e+14,1.146780823767330406e+19
6.399999999999948888e-06,2.579134231890964661e+11,1.184783653941122662e+19,4.604704855620068000e+16,1.586746696964299688e+14,1.189404252055054746e+19
6.409999999999948793e-06,2.673178463357629700e+11,1.228724224367750349e+19,4.732015879471732800e+16,1.615775524886238438e+14,1.233472424734255514e+19
6.419999999999948697e-06,2.770402471793123779e+11,1.274150420147813581e+19,4.862354228755824000e+16,1.645188050790938750e+14,1.279029253961102131e+19
6.429999999999948601e-06,2.870905022447167969e+11,1.321107267215896371e+19,4.995779443502598400e+16,1.674987193460126875e+14,1.326119825240383898e+19
6.439999999999948505e-06,2.974787671456141357e+11,1.369640990956895642e+19,5.132352002560326400e+16,1.705175890781808750e+14,1.374790424466240512e+19
6.449999999999948410e-06,3.082154837000516357e+11,1.419799043767709082e+19,5.272133336155889600e+16,1.735757100486043750e+14,1.425088565496418304e+19
6.459999999999948314e-06,3.193113872090903320e+11,1.471630133161075302e+19,5.415185838617139200e+16,1.766733800870013438e+14,1.477063018268839936e+19
6.469999999999948218e-06,3.307775139016566162e+11,1.525184250421168538e+19,5.561572881257942400e+16,1.798108991511348750e+14,1.530763837470092902e+19
6.479999999999948122e-06,3.426252085489964600e+11,1.580512699819971994e+19,5.711358825424312000e+16,1.829885693968573750e+14,1.586242391764856832e+19
6.489999999999948027e-06,3.548661322521119385e+11,1.637668128403952640e+19,5.864609035702608000e+16,1.862066952467876875e+14,1.643551393595793203e+19
6.499999999999947931e-06,3.675122704058491211e+11,1.696704556360861696e+19,6.021389893288264800e+16,1.894655834575066562e+14,1.702744929563722957e+19
6.509999999999947835e-06,3.805759408430154419e+11,1.757677407976066867e+19,6.181768809515614400e+16,1.927655431852043125e+14,1.763878491397494989e+19
6.519999999999947739e-06,3.940698021623105469e+11,1.820643543188459520e+19,6.345814239547413600e+16,1.961068860496818750e+14,1.827009007523592192e+19
6.529999999999947644e-06,4.080068622436447754e+11,1.885661289755875738e+19,6.513595696224290400e+16,1.994899261966482188e+14,1.892194875245405798e+19
6.539999999999947548e-06,4.224004869547072754e+11,1.952790476040015462e+19,6.685183764072470400e+16,2.029149803582242500e+14,1.959495993542172672e+19
6.549999999999947452e-06,4.372644090524953613e+11,2.022092464421188813e+19,6.860650113469948800e+16,2.063823679116058438e+14,2.028973796497890918e+19
6.559999999999947357e-06,4.526127372838057251e+11,2.093630185353281536e+19,7.040067514970231200e+16,2.098924109358202812e+14,2.100691287370619290e+19
6.569999999999947261e-06,4.684599656885180054e+11,2.167468172069164646e+19,7.223509853782046400e+16,2.134454342665255625e+14,2.174713073312369869e+19
6.579999999999947165e-06,4.848209831098012085e+11,2.243672595947529830e+19,7.411052144405512000e+16,2.170417655488105000e+14,2.251105400750588723e+19
6.589999999999947069e-06,5.017110829152527466e+11,2.322311302551419290e+19,7.602770545422611200e+16,2.206817352879466250e+14,2.329936191441478861e+19
6.599999999999946974e-06,5.191459729331688843e+11,2.403453848349789389e+19,7.798742374442203200e+16,2.243656768980712812e+14,2.411275079206518374e+19
6.609999999999946878e-06,5.371417856081434937e+11,2.487171538132569293e+19,7.999046123197571200e+16,2.280939267487609375e+14,2.495193447362620211e+19
6.619999999999946782e-06,5.557150883803021240e+11,2.573537463130934477e+19,8.203761472796804800e+16,2.318668242094824688e+14,2.581764466857660826e+19
6.629999999999946686e-06,5.748828942925908203e+11,2.662626539853355418e+19,8.412969309124004800e+16,2.356847116919010000e+14,2.671063135121938022e+19
6.639999999999946591e-06,5.946626728304720459e+11,2.754515549649360896e+19,8.626751738391216000e+16,2.395479346900347812e+14,2.763166315647488819e+19
6.649999999999946495e-06,6.150723609985402832e+11,2.849283179012159078e+19,8.845192102839523200e+16,2.434568418182494688e+14,2.858152778306416640e+19
6.659999999999946399e-06,6.361303746388444824e+11,2.947010060631999283e+19,9.068374996589046400e+16,2.474117848470981250e+14,2.956103240420110336e+19
6.669999999999946303e-06,6.578556199952514648e+11,3.047778815211674419e+19,9.296386281636321600e+16,2.514131187370063125e+14,3.057100408590746419e+19
6.679999999999946208e-06,6.802675055289090576e+11,3.151674094056520909e+19,9.529313103998761600e+16,2.554612016698194688e+14,3.161229021307437056e+19
6.689999999999946112e-06,7.033859539894412842e+11,3.258782622450573722e+19,9.767243910004988800e+16,2.595563950782144375e+14,3.268575892338681856e+19
6.699999999999946016e-06,7.272314147467978516e+11,3.369193243831078093e+19,1.001026846273042080e+17,2.636990636730176250e+14,3.379229954923317248e+19
6.709999999999945920e-06,7.518248763888481445e+11,3.482996964773946163e+19,1.025847785857712000e+17,2.678895754684296562e+14,3.493282306772557824e+19
6.719999999999945825e-06,7.771878795896499023e+11,3.600287000802085683e+19,1.051196454399755360e+17,2.721283018052063438e+14,3.610826255895051878e+19
6.729999999999945729e-06,8.033425302535617676e+11,3.721158823029568307e+19,1.077082233236087040e+17,2.764156173718088438e+14,3.731957367257919488e+19
6.739999999999945633e-06,8.303115129405286865e+11,3.845710205654253568e+19,1.103514642096216640e+17,2.807519002235882500e+14,3.856773510296389222e+19
6.749999999999945537e-06,8.581181045776933594e+11,3.974041274311351501e+19,1.130503340817266880e+17,2.851375318000126250e+14,3.985374907284514406e+19
6.759999999999945442e-06,8.867861884628546143e+11,4.106254555301524275e+19,1.158058131073199040e+17,2.895728969400045000e+14,4.117864182580568883e+19
6.769999999999945346e-06,9.163402685652011719e+11,4.242455025705913549e+19,1.186188958118001120e+17,2.940583838954255625e+14,4.254346412759509402e+19
6.779999999999945250e-06,9.468054841288842773e+11,4.382750164401928602e+19,1.214905912542972480e+17,2.985943843427606250e+14,4.394929177646340506e+19
6.789999999999945154e-06,9.782076245851201172e+11,4.527250003992843878e+19,1.244219232047988800e+17,3.031812933930578125e+14,4.539722612263425638e+19
6.799999999999945059e-06,1.010573144778546753e+12,4.676067183664753050e+19,1.274139303226650560e+17,3.078195096001696875e+14,4.688839459705294029e+19
6.809999999999944963e-06,1.043929180513676758e+12,4.829317002984700314e+19,1.304676663365440480e+17,3.125094349673687500e+14,4.842395124954769818e+19
6.819999999999944867e-06,1.078303564427399536e+12,4.987117476653622886e+19,1.335842002256710880e+17,3.172514749523775625e+14,5.000507729654041805e+19
6.829999999999944771e-06,1.113724842193552490e+12,5.149589390228126925e+19,1.367646164025624320e+17,3.220460384708990000e+14,5.163298167844714906e+19
6.839999999999944676e-06,1.150222289065641846e+12,5.316856356825161728e+19,1.400100148970917760e+17,3.268935378986805000e+14,5.330890162690890138e+19
6.849999999999944580e-06,1.187825926764002686e+12,5.489044874823911014e+19,1.433215115419606560e+17,3.317943890722061875e+14,5.503410324199606682e+19
6.859999999999944484e-06,1.226566540713629395e+12,5.666284386579092275e+19,1.467002381595506560e+17,3.367490112880551875e+14,5.680988207952830464e+19
6.869999999999944388e-06,1.266475697639238525e+12,5.848707338160384410e+19,1.501473427501730240e+17,3.417578273010120625e+14,5.863756374865701274e+19
6.879999999999944293e-06,1.307585763523848877e+12,6.036449240132687462e+19,1.536639896817056320e+17,3.468212633209846250e+14,6.051850451985766810e+19
6.889999999999944197e-06,1.349929921937733154e+12,6.229648729391579136e+19,1.572513598806229440e+17,3.519397490087990625e+14,6.245409194347534746e+19
6.899999999999944101e-06,1.393542192744285645e+12,6.428447632069807309e+19,1.609106510244296960e+17,3.571137174709423125e+14,6.444574547898217267e+19
6.909999999999944005e-06,1.438457451189672852e+12,6.632991027529072640e+19,1.646430777354883520e+17,3.623436052533133125e+14,6.649491713508892672e+19
6.919999999999943910e-06,1.484711447383358154e+12,6.843427313452622643e+19,1.684498717762567680e+17,3.676298523340509375e+14,6.860309212086626714e+19
6.929999999999943814e-06,1.532340826176189453e+12,7.059908272054899507e+19,1.723322822459355200e+17,3.729729021155106875e+14,7.077178950803787776e+19
6.939999999999943718e-06,1.581383147443589111e+12,7.282589137422124646e+19,1.762915757785288960e+17,3.783732014154462500e+14,7.300256290458433126e+19
6.949999999999943623e-06,1.631876906780708008e+12,7.511628664001429504e+19,1.803290367423319360e+17,3.838312004574713125e+14,7.529700113983399526e+19
6.959999999999943527e-06,1.683861556617359619e+12,7.747189196253167616e+19,1.844459674408420800e+17,3.893473528608546875e+14,7.765672896118692250e+19
6.969999999999943431e-06,1.737377527759640137e+12,7.989436739482935296e+19,1.886436883151110400e+17,3.949221156297155000e+14,8.008340774263762125e+19
6.979999999999943335e-06,1.792466251366458008e+12,8.238541031869344973e+19,1.929235381475305600e+17,4.005559491416900000e+14,8.257873620525637632e+19
6.989999999999943240e-06,1.849170181368067383e+12,8.494675617704199782e+19,1.972868742670827200e+17,4.062493171361118750e+14,8.514445114979639296e+19
6.999999999999943144e-06,1.907532817334994141e+12,8.758017921861191270e+19,2.017350727560375360e+17,4.120026867017775625e+14,8.778232820158747443e+19
7.009999999999943048e-06,1.967598727804739746e+12,9.028749325510287360e+19,2.062695286581247680e+17,4.178165282643501875e+14,9.049418256788797850e+19
7.019999999999942952e-06,2.029413574074780273e+12,9.307055243094129050e+19,2.108916561881842240e+17,4.236913155734590625e+14,9.328186980785863066e+19
7.029999999999942857e-06,2.093024134469826416e+12,9.593125200584015872e+19,2.156028889433005120e+17,4.296275256895454375e+14,9.614728661533328998e+19
7.039999999999942761e-06,2.158478329091640625e+12,9.887152915031972250e+19,2.204046801154309440e+17,4.356256389705015000e+14,9.909237161455245722e+19
7.049999999999942665e-06,2.225825245059791504e+12,1.018933637543727432e+20,2.252985027055470400e+17,4.416861390581631875e+14,1.021191061690425999e+20
7.059999999999942569e-06,2.295115162252264160e+12,1.049987792494340014e+20,2.302858497392905280e+17,4.478095128647078125e+14,1.052295152038013338e+20
7.069999999999942474e-06,2.366399579553860840e+12,1.081898434438496256e+20,2.353682344841514560e+17,4.539962505589687500e+14,1.084256680409839206e+20
7.079999999999942378e-06,2.439731241622068848e+12,1.114686693720061215e+20,2.405471906681923840e+17,4.602468455527603750e+14,1.117096792492511232e+20
7.089999999999942282e-06,2.515164166178708984e+12,1.148374161573154652e+20,2.458242727003156160e+17,4.665617944872123750e+14,1.150837095069744333e+20
7.099999999999942186e-06,2.592753671836642578e+12,1.182982898892230984e+20,2.512010558920893760e+17,4.729415972191757500e+14,1.185499664794660700e+20
7.109999999999942091e-06,2.672556406470850098e+12,1.218535445144357765e+20,2.566791366811461440e+17,4.793867568077277500e+14,1.221107057104301425e+20
7.119999999999941995e-06,2.754630376142854004e+12,1.255054827425434829e+20,2.622601328561674560e+17,4.858977795008145000e+14,1.257682315278095155e+20
7.129999999999941899e-06,2.839034974588487793e+12,1.292564569662301471e+20,2.679456837834459200e+17,4.924751747220555000e+14,1.295248979642232832e+20
7.139999999999941803e-06,2.925831013278153809e+12,1.331088701962552279e+20,2.737374506350677440e+17,4.991194550577521875e+14,1.333831096921763676e+20
7.149999999999941708e-06,3.015080752059511230e+12,1.370651770114012119e+20,2.796371166186946880e+17,5.058311362441192500e+14,1.373453229742369178e+20
7.159999999999941612e-06,3.106847930392546875e+12,1.411278845235777864e+20,2.856463872089775360e+17,5.126107371547651875e+14,1.414140466283718574e+20
7.169999999999941516e-06,3.201197799186904297e+12,1.452995533582740685e+20,2.917669903806009600e+17,5.194587797884461250e+14,1.455918430086322586e+20
7.179999999999941420e-06,3.298197153251614258e+12,1.495827986505527460e+20,2.980006768429783040e+17,5.263757892571123125e+14,1.498813290013821174e+20
7.189999999999941325e-06,3.397914364368073242e+12,1.539802910567940424e+20,3.043492202765969280e+17,5.333622937742754375e+14,1.542851770372787732e+20
7.199999999999941229e-06,3.500419414995696777e+12,1.584947577823722865e+20,3.108144175710248320e+17,5.404188246436932500e+14,1.588061161191873577e+20
7.209999999999941133e-06,3.605783932621980957e+12,1.631289836254747034e+20,3.173980890646080640e+17,5.475459162484128125e+14,1.634469328662394962e+20
7.219999999999941037e-06,3.714081224767066895e+12,1.678858120372649001e+20,3.241020787858297600e+17,5.547441060401580000e+14,1.682104725742379663e+20
7.229999999999940942e-06,3.825386314653923828e+12,1.727681461985947484e+20,3.309282546963850880e+17,5.620139345290880625e+14,1.730996402926119813e+20
7.239999999999940846e-06,3.939775977555032715e+12,1.777789501134591754e+20,3.378785089359342720e+17,5.693559452739412500e+14,1.781174019181163643e+20
7.249999999999940750e-06,4.057328777827422852e+12,1.829212497194239918e+20,3.449547580685992320e+17,5.767706848725477500e+14,1.832667853055062508e+20
7.259999999999940654e-06,4.178125106646367188e+12,1.881981340152062935e+20,3.521589433311366400e+17,5.842587029527346250e+14,1.885508813953654784e+20
7.269999999999940559e-06,4.302247220450345703e+12,1.936127562056464794e+20,3.594930308828824320e+17,5.918205521636312500e+14,1.939728453593287557e+20
7.279999999999940463e-06,4.429779280108689453e+12,1.991683348642597110e+20,3.669590120573875200e+17,5.994567881673513750e+14,1.995358977628845179e+20
7.289999999999940367e-06,4.560807390822750977e+12,2.048681551135998935e+20,3.745589036158260480e+17,6.071679696310845000e+14,2.052433257459927286e+20
7.299999999999940271e-06,4.695419642774845703e+12,2.107155698236381921e+20,3.822947480021339520e+17,6.149546582195638750e+14,2.110984842217182003e+20
7.309999999999940176e-06,4.833706152534504883e+12,2.167140008283856568e+20,3.901686135999111680e+17,6.228174185879343750e+14,2.171047970931102843e+20
7.319999999999940080e-06,4.975759105236578125e+12,2.228669401609562358e+20,3.981825949910672640e+17,6.307568183750025000e+14,2.232657584885247836e+20
7.329999999999939984e-06,5.121672797542490234e+12,2.291779513073250140e+20,4.063388132162403200e+17,6.387734281968592500e+14,2.295849340156422390e+20
7.339999999999939889e-06,5.271543681397655273e+12,2.356506704789701591e+20,4.146394160369934080e+17,6.468678216408742500e+14,2.360659620343724442e+20
7.349999999999939793e-06,5.425470408598403320e+12,2.422888079046415483e+20,4.230865781997555200e+17,6.550405752600697500e+14,2.427125549488869868e+20
7.359999999999939697e-06,5.583553876180468750e+12,2.490961491414791619e+20,4.316825017015692160e+17,6.632922685678328750e+14,2.495285005190031933e+20
7.369999999999939601e-06,5.745897272643281250e+12,2.560765564056976425e+20,4.404294160575920000e+17,6.716234840329705000e+14,2.565176631911365673e+20
7.379999999999939506e-06,5.912606125022666992e+12,2.632339699230811095e+20,4.493295785703971840e+17,6.800348070751223750e+14,2.636839854490646938e+20
7.389999999999939410e-06,6.083788346826447266e+12,2.705724092995021046e+20,4.583852746010367360e+17,6.885268260604702500e+14,2.710314891847175373e+20
7.399999999999939314e-06,6.259554286845282227e+12,2.780959749117083320e+20,4.675988178419106560e+17,6.971001322977711250e+14,2.785642770892368118e+20
7.409999999999939218e-06,6.440016778854176758e+12,2.858088493186047345e+20,4.769725505914077440e+17,7.057553200346867500e+14,2.862865340645329469e+20
7.419999999999939123e-06,6.625291192218417969e+12,2.937152986932671939e+20,4.865088440303299840e+17,7.144929864543946250e+14,2.942025286555751875e+20
7.429999999999939027e-06,6.815495483416742188e+12,3.018196742759173980e+20,4.962100985001073280e+17,7.233137316724616250e+14,3.023166145036446597e+20
7.439999999999938931e-06,7.010750248499072266e+12,3.101264138481109565e+20,5.060787437828019200e+17,7.322181587339917500e+14,3.106332318208027525e+20
7.449999999999938835e-06,7.211178776490433594e+12,3.186400432283520860e+20,5.161172393828757120e+17,7.412068736109863750e+14,3.191569088857873449e+20
7.459999999999938740e-06,7.416907103758879883e+12,3.273651777894219776e+20,5.263280748107625600e+17,7.502804851999540000e+14,3.278922635616250102e+20
7.469999999999938644e-06,7.628064069359398438e+12,3.363065239975837696e+20,5.367137698681968000e+17,7.594396053197056250e+14,3.368440048351213650e+20
7.479999999999938548e-06,7.844781371371983398e+12,3.454688809740069110e+20,5.472768749353280640e+17,7.686848487093575000e+14,3.460169343785722839e+20
7.489999999999938452e-06,8.067193624247515625e+12,3.548571420785650565e+20,5.580199712596152960e+17,7.780168330265046250e+14,3.554159481338513326e+20
7.499999999999938357e-06,8.295438417177754883e+12,3.644762965163097457e+20,5.689456712464603520e+17,7.874361788455466250e+14,3.650460379191734436e+20
7.509999999999938261e-06,8.529656373504701172e+12,3.743314309668386243e+20,5.800566187516346880e+17,7.969435096561670000e+14,3.749122930587562803e+20
7.519999999999938165e-06,8.769991211186373047e+12,3.844277312368255959e+20,5.913554893754430720e+17,8.065394518619347500e+14,3.850199020356441211e+20
7.529999999999938069e-06,9.016589804335347656e+12,3.947704839359479153e+20,6.028449907586455040e+17,8.162246347790085000e+14,3.953741541679311749e+20
7.539999999999937974e-06,9.269602245843841797e+12,4.053650781764637819e+20,6.145278628801230080e+17,8.259996906349446250e+14,4.059804413086367744e+20
7.549999999999937878e-06,9.529181911116527344e+12,4.162170072966962217e+20,6.264068783562844160e+17,8.358652545675728750e+14,4.168442595694890189e+20
7.559999999999937782e-06,9.795485522923978516e+12,4.273318706086657393e+20,6.384848427421836800e+17,8.458219646239388750e+14,4.279712110688580403e+20
7.569999999999937686e-06,1.006867321739580273e+13,4.387153751701659976e+20,6.507645948343959040e+17,8.558704617592857500e+14,4.393670057041353769e+20
7.579999999999937591e-06,1.034890861117040234e+13,4.503733375814465618e+20,6.632490069755695360e+17,8.660113898360806250e+14,4.510374629487206072e+20
7.589999999999937495e-06,1.063635886971856055e+13,4.623116858068790804e+20,6.759409853607002880e+17,8.762453956230180000e+14,4.629885136739942400e+20
7.599999999999937399e-06,1.093119477685940625e+13,4.745364610217669427e+20,6.888434703451065600e+17,8.865731287940682500e+14,4.752262019964355871e+20
7.609999999999937303e-06,1.123359080548518945e+13,4.870538194845948969e+20,7.019594367540705280e+17,8.969952419274700000e+14,4.877566871501817774e+20
7.619999999999937208e-06,1.154372518951482031e+13,4.998700344349911941e+20,7.152918941941655040e+17,9.075123905047076250e+14,5.005862453853010657e+20
7.629999999999937112e-06,1.186177999709307227e+13,5.129914980176248832e+20,7.288438873662403840e+17,9.181252329094411250e+14,5.137212718920040448e+20
7.639999999999937016e-06,1.218794120505506445e+13,5.264247232323391324e+20,7.426184963800595200e+17,9.288344304263752500e+14,5.271682827510908191e+20
7.649999999999936920e-06,1.252239877467435156e+13,5.401763459107493642e+20,7.566188370705870080e+17,9.396406472400541250e+14,5.409339169108659405e+20
7.659999999999936825e-06,1.286534672871305273e+13,5.542531267195715584e+20,7.708480613158484480e+17,9.505445504335588750e+14,5.550249381907846267e+20
7.669999999999936729e-06,1.321698322979547266e+13,5.686619531909875630e+20,7.853093573564961280e+17,9.615468099871275000e+14,5.694482373121372324e+20
7.679999999999936633e-06,1.357751066012173047e+13,5.834098417802446766e+20,8.000059501168924160e+17,9.726480987766428750e+14,5.842108339559710065e+20
7.689999999999936537e-06,1.394713570254360938e+13,5.985039399507964723e+20,8.149411015277931520e+17,9.838490925719847500e+14,5.993198788485525012e+20
7.699999999999936442e-06,1.432606942302083398e+13,6.139515282872308859e+20,8.301181108506334720e+17,9.951504700352867500e+14,6.147826558746209812e+20
7.709999999999936346e-06,1.471452735447958203e+13,6.297600226362814628e+20,8.455403150033368320e+17,1.006552912719003750e+15,6.306065842187249910e+20
7.719999999999936250e-06,1.511272958209215039e+13,6.459369762761377055e+20,8.612110888876623360e+17,1.018057105063834625e+15,6.467992205348599235e+20
7.729999999999936154e-06,1.552090082999911523e+13,6.624900821143504814e+20,8.771338457180912640e+17,1.029663734396480875e+15,6.633682611447037952e+20
7.739999999999936059e-06,1.593927054949596484e+13,6.794271749146197361e+20,8.933120373522042880e+17,1.041373490927229250e+15,6.803215442647335567e+20
7.749999999999935963e-06,1.636807300870155273e+13,6.967562335526649856e+20,9.097491546225464320e+17,1.053187067747320000e+15,6.976670522624283771e+20
7.759999999999935867e-06,1.680754738373607617e+13,7.144853833015243571e+20,9.264487276699674880e+17,1.065105160826151375e+15,7.154129139419025244e+20
7.769999999999935772e-06,1.725793785142363281e+13,7.326228981464874353e+20,9.434143262784152320e+17,1.077128469008258875e+15,7.335674068591727084e+20
7.779999999999935676e-06,1.771949368354491797e+13,7.511772031299677061e+20,9.606495602111411200e+17,1.089257694010067000e+15,7.521389596673665925e+20
7.789999999999935580e-06,1.819246934266249219e+13,7.701568767265497416e+20,9.781580795483444480e+17,1.101493540416453000e+15,7.711361544921077514e+20
7.799999999999935484e-06,1.867712457953812109e+13,7.895706532485086577e+20,9.959435750261923840e+17,1.113836715677038250e+15,7.905677293373749985e+20
7.809999999999935389e-06,1.917372453216800781e+13,8.094274252820394803e+20,1.014009778377213696e+18,1.126287930102281250e+15,8.104425805220713595e+20
7.819999999999935293e-06,1.968253982645594531e+13,8.297362461545116467e+20,1.032360462672072576e+18,1.138847896859300250e+15,8.307697651476204093e+20
7.829999999999935197e-06,2.020384667854991016e+13,8.505063324329094676e+20,1.050999442662588672e+18,1.151517331967444750e+15,8.515585035967506678e+20
7.839999999999935101e-06,2.073792699886287500e+13,8.717470664538880737e+20,1.069930575126193408e+18,1.164296954293638500e+15,8.728181820638956093e+20
7.849999999999935006e-06,2.128506849780560938e+13,8.934679988855504896e+20,1.089157759211551360e+18,1.177187485547428500e+15,8.945583551173159813e+20
7.859999999999934910e-06,2.184556479324884766e+13,9.156788513212917350e+20,1.108684936785500416e+18,1.190189650275766750e+15,9.167887482932924252e+20
7.869999999999934814e-06,2.241971551974604688e+13,9.383895189059916268e+20,1.128516092781243648e+18,1.203304175857559750e+15,9.395192607226643087e+20
7.879999999999934718e-06,2.300782643953485547e+13,9.616100729947290337e+20,1.148655255547707648e+18,1.216531792497888750e+15,9.627599677898956472e+20
7.889999999999934623e-06,2.361020955534791406e+13,9.853507638444256133e+20,1.169106497200141824e+18,1.229873233221975500e+15,9.865211238250686710e+20
7.899999999999934527e-06,2.422718322505134766e+13,1.009622023338495836e+21,1.189873933971832064e+18,1.243329233868879500e+15,1.010813164828884730e+21
7.909999999999934431e-06,2.485907227814210547e+13,1.034434467744960741e+21,1.210961726566990080e+18,1.256900533084855250e+15,1.035646711231132991e+21
7.919999999999934335e-06,2.550620813412404297e+13,1.059798900508111143e+21,1.232374080514753792e+18,1.270587872316472500e+15,1.061032570682706493e+21
7.929999999999934240e-06,2.616892892279627734e+13,1.085726315074121499e+21,1.254115246524226048e+18,1.284391995803417000e+15,1.086981740881570431e+21
7.939999999999934144e-06,2.684757960646730469e+13,1.112227897750747742e+21,1.276189520840652288e+18,1.298313650570980250e+15,1.113505412432818602e+21
7.949999999999934048e-06,2.754251210413571484e+13,1.139315030601477259e+21,1.298601245602543616e+18,1.312353586422280750e+15,1.140614971743178195e+21
7.959999999999933952e-06,2.825408541765141406e+13,1.166999294374330368e+21,1.321354809199868672e+18,1.326512555930159500e+15,1.168322003950171587e+21
7.969999999999933857e-06,2.898266575989287500e+13,1.195292471465510175e+21,1.344454646633136896e+18,1.340791314428755000e+15,1.196638295886123500e+21
7.979999999999933761e-06,2.972862668497924609e+13,1.224206548918307389e+21,1.367905239873533952e+18,1.355190620004836000e+15,1.225575839077427839e+21
7.989999999999933665e-06,3.049234922055705469e+13,1.253753721457339793e+21,1.391711118223877632e+18,1.369711233488747250e+15,1.255146832779146428e+21
7.999999999999933569e-06,3.127422200217102344e+13,1.283946394558510924e+21,1.415876858680468224e+18,1.384353918445099000e+15,1.285363687045331681e+21
8.009999999999933474e-06,3.207464140976460156e+13,1.314797187554838577e+21,1.440407086295835904e+18,1.399119441163116500e+15,1.316239025835216994e+21
8.019999999999933378e-06,3.289401170632798438e+13,1.346318936778417373e+21,1.465306474542227200e+18,1.414008570646700250e+15,1.347785690155542118e+21
8.029999999999933282e-06,3.373274517872210547e+13,1.378524698738861277e+21,1.490579745675964672e+18,1.429022078604159000e+15,1.380016741239361110e+21
8.039999999999933186e-06,3.459126228071475391e+13,1.411427753338274578e+21,1.516231671102456320e+18,1.444160739437646750e+15,1.412945463761379000e+21
8.049999999999933091e-06,3.546999177824618750e+13,1.445041607123163677e+21,1.542267071742011136e+18,1.459425330232246750e+15,1.446585369090227962e+21
8.059999999999932995e-06,3.636937089696410156e+13,1.479379996573410263e+21,1.568690818396287232e+18,1.474816630744801750e+15,1.480950198577808278e+21
8.069999999999932899e-06,3.728984547205162500e+13,1.514456891428670276e+21,1.595507832115357952e+18,1.490335423392369250e+15,1.516053926886054560e+21
8.079999999999932803e-06,3.823187010037847656e+13,1.550286498052203348e+21,1.622723084565463552e+18,1.505982493240404750e+15,1.551910765351131939e+21
8.089999999999932708e-06,3.919590829500769531e+13,1.586883262832611688e+21,1.650341598397240832e+18,1.521758627990614500e+15,1.588535165385545089e+21
8.099999999999932612e-06,4.018243264208106250e+13,1.624261875623573586e+21,1.678368447614582272e+18,1.537664617968488250e+15,1.625941821918238999e+21
8.109999999999932516e-06,4.119192496012946094e+13,1.662437273221779948e+21,1.706808757943887616e+18,1.553701256110547750e+15,1.664145676872904868e+21
8.119999999999932420e-06,4.222487646181662500e+13,1.701424642883336274e+21,1.735667707203877376e+18,1.569869337951240000e+15,1.703161922684754592e+21
8.129999999999932325e-06,4.328178791816836719e+13,1.741239425878881731e+21,1.764950525675709184e+18,1.586169661609546500e+15,1.743006005856007094e+21
8.139999999999932229e-06,4.436316982530322656e+13,1.781897321087551668e+21,1.794662496473589248e+18,1.602603027775281250e+15,1.783693630550223094e+21
8.149999999999932133e-06,4.546954257370653906e+13,1.823414288630005629e+21,1.824808955915585792e+18,1.619170239695057750e+15,1.825240762225703518e+21
8.159999999999932038e-06,4.660143662007345312e+13,1.865806553540763845e+21,1.855395293894861312e+18,1.635872103157962000e+15,1.867663631308198511e+21
8.169999999999931942e-06,4.775939266175385156e+13,1.909090609480058274e+21,1.886426954251055616e+18,1.652709426480907500e+15,1.910978736903128613e+21
8.179999999999931846e-06,4.894396181383639062e+13,1.953283222485339734e+21,1.917909435141934336e+18,1.669683020493703500e+15,1.955202850547463881e+21
8.189999999999931750e-06,5.015570578889795312e+13,1.998401434762620436e+21,1.949848289415161856e+18,1.686793698523779750e+15,2.000353020001439973e+21
8.199999999999931655e-06,5.139519707945263281e+13,2.044462568517909610e+21,1.982249124980206336e+18,1.704042276380630250e+15,2.046446573080363401e+21
8.209999999999931559e-06,5.266301914314120312e+13,2.091484229828886921e+21,2.015117605180324608e+18,1.721429572339938250e+15,2.093501121526658761e+21
8.219999999999931463e-06,5.395976659068015625e+13,2.139484312556975948e+21,2.048459449164513280e+18,1.738956407127423750e+15,2.141534564922314195e+21
8.229999999999931367e-06,5.528604537661870312e+13,2.188481002299989164e+21,2.082280432259538944e+18,1.756623603902355750e+15,2.190565094641898095e+21
8.239999999999931272e-06,5.664247299292660938e+13,2.238492780385489125e+21,2.116586386341778432e+18,1.774431988240768000e+15,2.240611197846292267e+21
8.249999999999931176e-06,5.802967866545789844e+13,2.289538427905140326e+21,2.151383200208997632e+18,1.792382388118392000e+15,2.291691661517416301e+21
8.259999999999931080e-06,5.944830355330908594e+13,2.341637029789978853e+21,2.186676819951983616e+18,1.810475633893295000e+15,2.343825576533868151e+21
8.269999999999930984e-06,6.089900095112650000e+13,2.394807978927046787e+21,2.222473249325869312e+18,1.828712558288197750e+15,2.397032341787931836e+21
8.279999999999930889e-06,6.238243649438121094e+13,2.449070980317242720e+21,2.258778550121268736e+18,1.847093996372510750e+15,2.451331668343797055e+21
8.289999999999930793e-06,6.389928836765697656e+13,2.504446055274708468e+21,2.295598842535036160e+18,1.865620785544081250e+15,2.506743583637317353e+21
8.299999999999930697e-06,6.545024751598007812e+13,2.560953545667814883e+21,2.332940305540660736e+18,1.884293765510636000e+15,2.563288435717368185e+21
8.309999999999930601e-06,6.703601785923178125e+13,2.618614118201871041e+21,2.370809177258175488e+18,1.903113778270927000e+15,2.620986897528925454e+21
8.319999999999930506e-06,6.865731650967786719e+13,2.677448768743677100e+21,2.409211755323660800e+18,1.922081668095638250e+15,2.679859971237985386e+21
8.329999999999930410e-06,7.031487399265256250e+13,2.737478826688082608e+21,2.448154397258156544e+18,1.941198281507932250e+15,2.739928992598496117e+21
8.339999999999930314e-06,7.200943447042854688e+13,2.798725959366522962e+21,2.487643520835938304e+18,1.960464467263780250e+15,2.801215635361260110e+21
8.349999999999930218e-06,7.374175596931603125e+13,2.861212176497742184e+21,2.527685604452187136e+18,1.979881076331949000e+15,2.863741915725026558e+21
8.359999999999930123e-06,7.551261061002803125e+13,2.924959834680715117e+21,2.568287187489891328e+18,1.999448961873758500e+15,2.927530196829777953e+21
8.369999999999930027e-06,7.732278484134042188e+13,2.989991641929982411e+21,2.609454870685997056e+18,2.019168979222522000e+15,2.992603193292432605e+21
8.379999999999929931e-06,7.917307967709956250e+13,3.056330662253235274e+21,2.651195316496702464e+18,2.039041985862731500e+15,3.058983975784797438e+21
8.389999999999929835e-06,8.106431093659970312e+13,3.124000320271469773e+21,2.693515249461877248e+18,2.059068841408956250e+15,3.126695975654084575e+21
8.399999999999929740e-06,8.299730948837487500e+13,3.193024405881433883e+21,2.736421456568434176e+18,2.079250407584475750e+15,3.195762989585719624e+21
8.409999999999929644e-06,8.497292149745243750e+13,3.263427078960911483e+21,2.779920787612746752e+18,2.099587548199634500e+15,3.266209184308994245e+21
8.419999999999929548e-06,8.699200867608485938e+13,3.335232874116303290e+21,2.824020155562009600e+18,2.120081129129939000e+15,3.338059101345003078e+21
8.429999999999929452e-06,8.905544853802300000e+13,3.408466705472910524e+21,2.868726536914265088e+18,2.140732018293863750e+15,3.411337661797291262e+21
8.439999999999929357e-06,9.116413465635785938e+13,3.483153871507900334e+21,2.914046972057419776e+18,2.161541085630424000e+15,3.486070171185177952e+21
8.449999999999929261e-06,9.331897692495996875e+13,3.559320059925748515e+21,2.959988565626791424e+18,2.182509203076443750e+15,3.562282324319555551e+21
8.459999999999929165e-06,9.552090182358435938e+13,3.636991352576426377e+21,3.006558486861398016e+18,2.203637244543598500e+15,3.640000210221434143e+21
8.469999999999929069e-06,9.777085268664575000e+13,3.716194230416046031e+21,3.053763969958765056e+18,2.224926085895208250e+15,3.719250317082943291e+21
8.479999999999928974e-06,1.000697899757382188e+14,3.796955578510226227e+21,3.101612314428219904e+18,2.246376604922720250e+15,3.800059537271049159e+21
8.489999999999928878e-06,1.024186915559043281e+14,3.879302691079840072e+21,3.150110885442706944e+18,2.267989681321999500e+15,3.882455172373655585e+21
8.499999999999928782e-06,1.048185529757338906e+14,3.963263276589374767e+21,3.199267114188792320e+18,2.289766196669319000e+15,3.966464938288313532e+21
8.509999999999928686e-06,1.072703877512898594e+14,4.048865462877617652e+21,3.249088498215067648e+18,2.311707034397121500e+15,4.052116970353254728e+21
8.519999999999928591e-06,1.097752276539412500e+14,4.136137802330797507e+21,3.299582601778744320e+18,2.333813079769543000e+15,4.139439828520883716e+21
8.529999999999928495e-06,1.123341230021127500e+14,4.225109277097815179e+21,3.350757056190297088e+18,2.356085219857651500e+15,4.228462502573348225e+21
8.539999999999928399e-06,1.149481429570192656e+14,4.315809304347888583e+21,3.402619560156289536e+18,2.378524343514509500e+15,4.319214417380531241e+21
8.549999999999928304e-06,1.176183758223968906e+14,4.408267741569977156e+21,3.455177880119991808e+18,2.401131341349900000e+15,4.411725438199814160e+21
8.559999999999928208e-06,1.203459293483073438e+14,4.502514891914514268e+21,3.508439850600160768e+18,2.423907105704946000e+15,4.506025876018149458e+21
8.569999999999928112e-06,1.231319310390220312e+14,4.598581509576511193e+21,3.562413374527223808e+18,2.446852530626334500e+15,4.602146492935499678e+21
8.579999999999928016e-06,1.259775284650495000e+14,4.696498805220546445e+21,3.617106423577700864e+18,2.469968511840459000e+15,4.700118507590164414e+21
8.589999999999927921e-06,1.288838895793458594e+14,4.796298451447363666e+21,3.672527038505813504e+18,2.493255946727206000e+15,4.799973600625706402e+21
8.599999999999927825e-06,1.318522030377457344e+14,4.898012588301532266e+21,3.728683329472942080e+18,2.516715734293615000e+15,4.901743920198941934e+21
8.609999999999927729e-06,1.348836785236515469e+14,5.001673828820310819e+21,3.785583476374487040e+18,2.540348775147214500e+15,5.005462087529139274e+21
8.619999999999927633e-06,1.379795470770388906e+14,5.107315264623473590e+21,3.843235729164041216e+18,2.564155971469215500e+15,5.111161202488156094e+21
8.629999999999927538e-06,1.411410614277994062e+14,5.214970471543789847e+21,3.901648408175052800e+18,2.588138226987443000e+15,5.218874849231252750e+21
8.639999999999927442e-06,1.443694963334910312e+14,5.324673515297979761e+21,3.960829904439475200e+18,2.612296446949051500e+15,5.328637101868362760e+21
8.649999999999927346e-06,1.476661489215084688e+14,5.436458957197818200e+21,4.020788680003799040e+18,2.636631538093030500e+15,5.440482530175510118e+21
8.659999999999927250e-06,1.510323390357393125e+14,5.550361859901090693e+21,4.081533268241867776e+18,2.661144408622482000e+15,5.554446205346080883e+21
8.669999999999927155e-06,1.544694095877373750e+14,5.666417793202369069e+21,4.143072274164861952e+18,2.685835968176695000e+15,5.670563705781912338e+21
8.679999999999927059e-06,1.579787269124658750e+14,5.784662839863042638e+21,4.205414374727989760e+18,2.710707127803020000e+15,5.788871122923625120e+21
8.689999999999926963e-06,1.615616811286401562e+14,5.905133601480270414e+21,4.268568319134029824e+18,2.735758799928519500e+15,5.909405067119885812e+21
8.699999999999926867e-06,1.652196865037250312e+14,6.027867204394599580e+21,4.332542929133411328e+18,2.760991898331402000e+15,6.032202673535317967e+21
8.709999999999926772e-06,1.689541818236265000e+14,6.152901305636109681e+21,4.397347099321114112e+18,2.786407338112295500e+15,6.157301608096950387e+21
8.719999999999926676e-06,1.727666307671233750e+14,6.280274098908181823e+21,4.462989797429663744e+18,2.812006035665247000e+15,6.284740073478277825e+21
8.729999999999926580e-06,1.766585222850793438e+14,6.410024320609142440e+21,4.529480064618925568e+18,2.837788908648657000e+15,6.414556815121192059e+21
8.739999999999926484e-06,1.806313709844697500e+14,6.542191255890526470e+21,4.596827015761793536e+18,2.863756875955826000e+15,6.546791127294534484e+21
8.749999999999926389e-06,1.846867175172939688e+14,6.676814744752679289e+21,4.665039839726292992e+18,2.889910857685496500e+15,6.681482859189981151e+21
8.759999999999926293e-06,1.888261289743920000e+14,6.813935188176045867e+21,4.734127799653588992e+18,2.916251775112077000e+15,6.818672421053602464e+21
8.769999999999926197e-06,1.930511992842157812e+14,6.953593554288449159e+21,4.804100233232177152e+18,2.942780550655699500e+15,6.958400790353432019e+21
8.779999999999926101e-06,1.973635496165972500e+14,7.095831384567578624e+21,4.874966552967627776e+18,2.969498107852183500e+15,7.100709517982203642e+21
8.789999999999926006e-06,2.017648287915823438e+14,7.240690800078369063e+21,4.946736246448303104e+18,2.996405371322677500e+15,7.245640734495017533e+21
8.799999999999925910e-06,2.062567136933165938e+14,7.388214507744172966e+21,5.019418876606733312e+18,3.023503266743186500e+15,7.393237156380760080e+21
8.809999999999925814e-06,2.108409096890942188e+14,7.538445806652139504e+21,5.093024081976364032e+18,3.050792720813986500e+15,7.543542092367746040e+21
8.819999999999925718e-06,2.155191510535666250e+14,7.691428594391161242e+21,5.167561576943765504e+18,3.078274661228675500e+15,7.696599449761916912e+21
8.829999999999925623e-06,2.202932013981761562e+14,7.847207373422470365e+21,5.243041151996378112e+18,3.105950016643263500e+15,7.852453740817684627e+21
8.839999999999925527e-06,2.251648541058506875e+14,8.005827257482074915e+21,5.319472673965009920e+18,3.133819716644931000e+15,8.011150089140610007e+21
8.849999999999925431e-06,2.301359327709980625e+14,8.167333978014388060e+21,5.396866086261951488e+18,3.161884691720719500e+15,8.172734236121274253e+21
8.859999999999925335e-06,2.352082916448683750e+14,8.331773890636122423e+21,5.475231409113597952e+18,3.190145873225950000e+15,8.337252547399400817e+21
8.869999999999925240e-06,2.403838160862878750e+14,8.499193981630250222e+21,5.554578739788266496e+18,3.218604193352601500e+15,8.504752019358047273e+21
8.879999999999925144e-06,2.456644230178555312e+14,8.669641874468817076e+21,5.634918252818432000e+18,3.247260585097378000e+15,8.675280285646644576e+21
8.889999999999925048e-06,2.510520613875924688e+14,8.843165836364105122e+21,5.716260200217809920e+18,3.276115982229767000e+15,8.848885623732366737e+21
8.899999999999924952e-06,2.565487126361347188e+14,9.019814784847226864e+21,5.798614911692859392e+18,3.305171319259782000e+15,9.025616961478952223e+21
8.909999999999924857e-06,2.621563911694883438e+14,9.199638294374017663e+21,5.881992794848728064e+18,3.334427531405698000e+15,9.205523883752789377e+21
8.919999999999924761e-06,2.678771448373895312e+14,9.382686602955422958e+21,5.966404335389056000e+18,3.363885554561482500e+15,9.388656639053511262e+21
8.929999999999924665e-06,2.737130554173263750e+14,9.569010618814800331e+21,6.051860097310584832e+18,3.393546325264171500e+15,9.575066146171491713e+21
8.939999999999924570e-06,2.796662391042450312e+14,9.758661927067520598e+21,6.138370723091116032e+18,3.423410780661076500e+15,9.764804000867632022e+21
8.949999999999924474e-06,2.857388470060013750e+14,9.951692796425198895e+21,6.225946933871627264e+18,3.453479858476790500e+15,9.957922482577777623e+21
8.959999999999924378e-06,2.919330656445930625e+14,1.014815618592106401e+22,6.314599529632162816e+18,3.483754496980095000e+15,1.015447456113825835e+22
8.969999999999924282e-06,2.982511174632096875e+14,1.034810575165772635e+22,6.404339389361124352e+18,3.514235634950679000e+15,1.035451390353383778e+22
8.979999999999924187e-06,3.046952613391425000e+14,1.055159585357416314e+22,6.495177471218183168e+18,3.544924211645741500e+15,1.055809488066485577e+22
8.989999999999924091e-06,3.112677931026218125e+14,1.075868156223274195e+22,6.587124812690552832e+18,3.575821166766434500e+15,1.076527257413439246e+22
8.999999999999923995e-06,3.179710460615636875e+14,1.096941866562398192e+22,6.680192530742313984e+18,3.606927440424158000e+15,1.097610278305321189e+22
9.009999999999923899e-06,3.248073915323420000e+14,1.118386367598869610e+22,6.774391821956873216e+18,3.638243973106700500e+15,1.119064203086201776e+22
9.019999999999923804e-06,3.317792393765728750e+14,1.140207383665572001e+22,6.869733962672422912e+18,3.669771705644252500e+15,1.140894757216933695e+22
9.029999999999923708e-06,3.388890385439519375e+14,1.162410712889504353e+22,6.966230309110037504e+18,3.701511579175262000e+15,1.163107739960477116e+22
9.039999999999923612e-06,3.461392776212424375e+14,1.185002227878392653e+22,7.063892297494519808e+18,3.733464535112214500e+15,1.185709025068523192e+22
9.049999999999923516e-06,3.535324853873624375e+14,1.207987876408570203e+22,7.162731444167691264e+18,3.765631515107130000e+15,1.208704561469387178e+22
9.059999999999923421e-06,3.610712313747016250e+14,1.231373682113955391e+22,7.262759345694088192e+18,3.798013461017060500e+15,1.232100373956994164e+22
9.069999999999923325e-06,3.687581264366443125e+14,1.255165745176057689e+22,7.363987678958731264e+18,3.830611314869413500e+15,1.255902563880897872e+22
9.079999999999923229e-06,3.765958233213583750e+14,1.279370243014758131e+22,7.466428201257230336e+18,3.863426018827091000e+15,1.280117309837068049e+22
9.089999999999923133e-06,3.845870172518908750e+14,1.303993430979882936e+22,7.570092750377422848e+18,3.896458515153505500e+15,1.304750868359473739e+22
9.099999999999923038e-06,3.927344465126230000e+14,1.329041643043279811e+22,7.674993244673122304e+18,3.929709746177515000e+15,1.329809574612166299e+22
9.109999999999922942e-06,4.010408930420799375e+14,1.354521292491371787e+22,7.781141683129183232e+18,3.963180654258160000e+15,1.355299843081839523e+22
9.119999999999922846e-06,4.095091830321486875e+14,1.380438872617995416e+22,7.888550145418407936e+18,3.996872181749287000e+15,1.381228168270673714e+22
9.129999999999922750e-06,4.181421875337988125e+14,1.406800957417339643e+22,7.997230791949173760e+18,4.030785270964018500e+15,1.407601125389280425e+22
9.139999999999922655e-06,4.269428230692304375e+14,1.433614202276898721e+22,8.107195863904872448e+18,4.064920864139141000e+15,1.434425371049657893e+22
9.149999999999922559e-06,4.359140522505843750e+14,1.460885344670208911e+22,8.218457683273635840e+18,4.099279903399265500e+15,1.461707643957931934e+22
9.159999999999922463e-06,4.450588844051986875e+14,1.488621204849271872e+22,8.331028652869716992e+18,4.133863330720938000e+15,1.489454765606780377e+22
9.169999999999922367e-06,4.543803762074489375e+14,1.516828686536479552e+22,8.444921256344577024e+18,4.168672087896595500e+15,1.517673640967360479e+22
9.179999999999922272e-06,4.638816323172351250e+14,1.545514777615815148e+22,8.560148058189372416e+18,4.203707116498290500e+15,1.546371259180508827e+22
9.189999999999922176e-06,4.735658060251142500e+14,1.574686550823258187e+22,8.676721703727053824e+18,4.238969357841427500e+15,1.575554694247147268e+22
9.199999999999922080e-06,4.834360999041047500e+14,1.604351164436104348e+22,8.794654919095204864e+18,4.274459752948265500e+15,1.605231105717598945e+22
9.209999999999921984e-06,4.934957664682584375e+14,1.634515862961145669e+22,8.913960511218525184e+18,4.310179242511306500e+15,1.635407739379768309e+22
9.219999999999921889e-06,5.037481088379378750e+14,1.665187977821352362e+22,9.034651367771210752e+18,4.346128766856508000e+15,1.666091927945817044e+22
9.229999999999921793e-06,5.141964814119336250e+14,1.696374928041083247e+22,9.156740457129225216e+18,4.382309265906416500e+15,1.697291091737370952e+22
9.239999999999921697e-06,5.248442905463012500e+14,1.728084220929422813e+22,9.280240828311611392e+18,4.418721679143149000e+15,1.729012739368850922e+22
9.249999999999921601e-06,5.356949952401516250e+14,1.760323452761571276e+22,9.405165610911682560e+18,4.455366945571127000e+15,1.761264468428856492e+22
9.259999999999921506e-06,5.467521078282300000e+14,1.793100309458070379e+22,9.531528015016929280e+18,4.492246003679851500e+15,1.794053966159383049e+22
9.269999999999921410e-06,5.580191946804176875e+14,1.826422567261594609e+22,9.659341331118045184e+18,4.529359791406316000e+15,1.827389010132604866e+22
9.279999999999921314e-06,5.694998769081661250e+14,1.860298093411183886e+22,9.788618930006816768e+18,4.566709246097484000e+15,1.861277468925096886e+22
9.289999999999921218e-06,5.811978310778447500e+14,1.894734846813601687e+22,9.919374262662367232e+18,4.604295304472397000e+15,1.895727302789181525e+22
9.299999999999921123e-06,5.931167899311016250e+14,1.929740878711715214e+22,1.005162086012615475e+19,4.642118902584352000e+15,1.930746564321297092e+22
9.309999999999921027e-06,6.052605431121947500e+14,1.965324333349605474e+22,1.018537233336518656e+19,4.680180975782767000e+15,1.966343399127093818e+22
9.319999999999920931e-06,6.176329379023315000e+14,2.001493448634080323e+22,1.032064237312287130e+19,4.718482458674862000e+15,2.002526046482931804e+22
9.329999999999920835e-06,6.302378799610808750e+14,2.038256556792620043e+22,1.045744474975824896e+19,4.757024285087366000e+15,2.039302839993812333e+22
9.339999999999920740e-06,6.430793340747982500e+14,2.075622085027200133e+22,1.059579331307262157e+19,4.795807388027876000e+15,2.076682208247179693e+22
9.349999999999920644e-06,6.561613249121641250e+14,2.113598556164026322e+22,1.073570199212397978e+19,4.834832699646182000e+15,2.114672675462641091e+22
9.359999999999920548e-06,6.694879377868068750e+14,2.152194589298724648e+22,1.087718479502835507e+19,4.874101151195261000e+15,2.153282862137136592e+22
9.369999999999920453e-06,6.830633194270481250e+14,2.191418900436830546e+22,1.102025580874837811e+19,4.913613672992270000e+15,2.192521485685404729e+22
9.379999999999920357e-06,6.968916787527577500e+14,2.231280303129393680e+22,1.116492919886918451e+19,4.953371194379299000e+15,2.232397361075568037e+22
9.389999999999920261e-06,7.109772876593503750e+14,2.271787709103163310e+22,1.131121920936040243e+19,4.993374643683831000e+15,2.272919401459292412e+22
9.399999999999920165e-06,7.253244818089890000e+14,2.312950128885492613e+22,1.145914016232520294e+19,5.033624948179227000e+15,2.314096618796667948e+22
9.409999999999920070e-06,7.399376614288740000e+14,2.354776672423282894e+22,1.160870645773540762e+19,5.074123034044866000e+15,2.355938124475125885e+22
9.419999999999919974e-06,7.548212921168162500e+14,2.397276549695976086e+22,1.175993257315269427e+19,5.114869826326147000e+15,2.398453129922403002e+22
9.429999999999919878e-06,7.699799056538850000e+14,2.440459071322159736e+22,1.191283306343617331e+19,5.155866248894328000e+15,2.441650947213118931e+22
9.439999999999919782e-06,7.854181008243840000e+14,2.484333649159637697e+22,1.206742256043509965e+19,5.197113224406054000e+15,2.485540989668813701e+22
9.449999999999919687e-06,8.011405442428910000e+14,2.528909796898451436e+22,1.222371577266747802e+19,5.238611674262785000e+15,2.530132772450940119e+22
9.459999999999919591e-06,8.171519711886551250e+14,2.574197130646759303e+22,1.238172748498394931e+19,5.280362518570017000e+15,2.575435913146706952e+22
9.469999999999919495e-06,8.334571864470728750e+14,2.620205369509205875e+22,1.254147255821670400e+19,5.322366676096164000e+15,2.621460132347413476e+22
9.479999999999919399e-06,8.500610651584935000e+14,2.666944336157518437e+22,1.270296592881356800e+19,5.364625064231366000e+15,2.668215254219012388e+22
9.489999999999919304e-06,8.669685536741847500e+14,2.714423957392742941e+22,1.286622260845621658e+19,5.407138598946000000e+15,2.715711207064304248e+22
9.499999999999919208e-06,8.841846704195446250e+14,2.762654264699336733e+22,1.303125768366374912e+19,5.449908194748959000e+15,2.763958023876989524e+22
9.509999999999919112e-06,8.885466218579926250e+14,2.791671239181030392e+22,1.309148330658993766e+19,5.443227666920137000e+15,2.792981020689118213e+22
9.519999999999919016e-06,8.865872568785688750e+14,2.811091452336386605e+22,1.308877885551770829e+19,5.403390372349365000e+15,2.812400959219701278e+22
9.529999999999918921e-06,8.800682811754512500e+14,2.823321219318686731e+22,1.303657720790086656e+19,5.337156393956489000e+15,2.824625498761944524e+22
9.539999999999918825e-06,8.699600074442767500e+14,2.829588509470197442e+22,1.294339940176743834e+19,5.249482366620321000e+15,2.830883461354611540e+22
9.549999999999918729e-06,8.569334533036333750e+14,2.830689942380803103e+22,1.281569776230320333e+19,5.144406410671208000e+15,2.831972112291019620e+22
9.559999999999918633e-06,8.415055106347426250e+14,2.827211620191010868e+22,1.265871404472155136e+19,5.025322303472481000e+15,2.828478078278264527e+22
9.569999999999918538e-06,8.240983961231218750e+14,2.819619482862639645e+22,1.247686377471041331e+19,4.895120907104843000e+15,2.820867741162040984e+22
9.579999999999918442e-06,8.050689344268040000e+14,2.808303478262316872e+22,1.227394685707792998e+19,4.756280930978755000e+15,2.809531429083011036e+22
9.589999999999918346e-06,7.847248859362807500e+14,2.793601737918061845e+22,1.205327793558954189e+19,4.610934033524919000e+15,2.794807605277512591e+22
9.599999999999918250e-06,7.633349428267372500e+14,2.775814882798620325e+22,1.181777409075910656e+19,4.460914779566131000e+15,2.776997182632668168e+22
9.609999999999918155e-06,7.411353347661842500e+14,2.755214985841531159e+22,1.157001758948084736e+19,4.307800730644064500e+15,2.756372492494085449e+22
9.619999999999918059e-06,7.183344901449542500e+14,2.732051438599829193e+22,1.131230298565971149e+19,4.152945621379579500e+15,2.733183156026405919e+22
9.629999999999917963e-06,6.951165191402825000e+14,2.706554929543349954e+22,1.104667385367161037e+19,3.997507409992599000e+15,2.707660066191110360e+22
9.639999999999917867e-06,6.716439487422871250e+14,2.678940224084543904e+22,1.077495234231813120e+19,3.842472357123633500e+15,2.680018170730406688e+22
9.649999999999917772e-06,6.480599621677070000e+14,2.649408160517513544e+22,1.049876356860366029e+19,3.688675919647366000e+15,2.650458470547962252e+22
9.659999999999917676e-06,6.244902961112218750e+14,2.618147120512358783e+22,1.021955618237312614e+19,3.536821021651913500e+15,2.619169492261728053e+22
9.669999999999917580e-06,6.010448918045988750e+14,2.585334140946911697e+22,9.938620008782882816e+18,3.387494121029266500e+15,2.586328401801691057e+22
9.679999999999917484e-06,5.778193613455590000e+14,2.551135777464095500e+22,9.657101404325664768e+18,3.241179394150039500e+15,2.552101869504403656e+22
9.689999999999917389e-06,5.548963094901864375e+14,2.515708794362709148e+22,9.376016783043403776e+18,3.098271294504668500e+15,2.516646761357774317e+22
9.699999999999917293e-06,5.323465377272642500e+14,2.479200732087529033e+22,9.096264648092449792e+18,2.959085693349458000e+15,2.480110707695561159e+22
9.709999999999917197e-06,5.102301489128970000e+14,2.441750387990237649e+22,8.818636379523622912e+18,2.823869774927852500e+15,2.442632585038182062e+22
9.719999999999917101e-06,4.885975652339515625e+14,2.403488235402180742e+22,8.543825969455238144e+18,2.692810831795612500e+15,2.404342936139965923e+22
9.729999999999917006e-06,4.674904686913035000e+14,2.364536798692250537e+22,8.272438852846082048e+18,2.566044084645402000e+15,2.365364345930990486e+22
9.739999999999916910e-06,4.469426709645165000e+14,2.325010996803000284e+22,8.004999950664416256e+18,2.443659634145581500e+15,2.325811785858297312e+22
9.749999999999916814e-06,4.269809180033767500e+14,2.285018464077933340e+22,7.741961018987595776e+18,2.325708638562445500e+15,2.285792935448787970e+22
9.759999999999916719e-06,4.076256337081810000e+14,2.244659854554730961e+22,7.483707380136790016e+18,2.212208799555742750e+15,2.245408487276187904e+22
9.769999999999916623e-06,3.888916064245621250e+14,2.204029133998613384e+22,7.230564098742512640e+18,2.103149228975094250e+15,2.204752439612571176e+22
9.779999999999916527e-06,3.707886215686401875e+14,2.163213862576369906e+22,6.982801655520032768e+18,1.998494761348325250e+15,2.163912379670259879e+22
9.789999999999916431e-06,3.533220434329439375e+14,2.122295470079237685e+22,6.740641163707111424e+18,1.898189769751382000e+15,2.122969759346790184e+22
9.799999999999916336e-06,3.364933490487722500e+14,2.081349524888824368e+22,6.504259166991212544e+18,1.802161536667325250e+15,2.082000164671011894e+22
9.809999999999916240e-06,3.203006168602611250e+14,2.040445997370485978e+22,6.273792052907402240e+18,1.710323226113905500e+15,2.041073579638160936e+22
9.819999999999916144e-06,3.047389728756980625e+14,1.999649518020226921e+22,6.049340111806564352e+18,1.622576498619847250e+15,2.000254644762954642e+22
9.829999999999916048e-06,2.898009968871508125e+14,1.959019630443320312e+22,5.830971268343127040e+18,1.538813806459837000e+15,1.959602910431634732e+22
9.839999999999915953e-06,2.754770912803192500e+14,1.918611039079407760e+22,5.618724509839825920e+18,1.458920402839509000e+15,1.919173084970141037e+22
9.849999999999915857e-06,2.617558148869909375e+14,1.878473851485122095e+22,5.412613033721409536e+18,1.382776095392092250e+15,1.879015277241685351e+22
9.859999999999915761e-06,2.486241842590060000e+14,1.838653814927164388e+22,5.212627134373809152e+18,1.310256771357009250e+15,1.839175233528697088e+22
9.869999999999915665e-06,2.360679446640454062e+14,1.799192547013435379e+22,5.018736848204537856e+18,1.241235719116253000e+15,1.799694568428622211e+22
9.879999999999915570e-06,2.240718130190661250e+14,1.760127760087654387e+22,4.830894374299793408e+18,1.175584768332400750e+15,1.760610989490742650e+22
9.889999999999915474e-06,2.126196948875354375e+14,1.721493479127775183e+22,4.649036286848485376e+18,1.113175268733393375e+15,1.721958515335956424e+22
9.899999999999915378e-06,2.016948775721679375e+14,1.683320252914209915e+22,4.473085554405755392e+18,1.053878925599220750e+15,1.683767687027030701e+22
9.909999999999915282e-06,1.912802012370130625e+14,1.645635358266663895e+22,4.302953380069904896e+18,9.975685082034662500e+14,1.646065772489541996e+22
9.919999999999915187e-06,1.813582098922013438e+14,1.608462997186252112e+22,4.138540875732141056e+18,9.441184458292887500e+14,1.608876963821490956e+22
9.929999999999915091e-06,1.719112839730255625e+14,1.571824486778208361e+22,3.979740582711553024e+18,8.934053244993453750e+14,1.572222567368140364e+22
9.939999999999914995e-06,1.629217561426702812e+14,1.535738441870250449e+22,3.826437850300873728e+18,8.453082962175935000e+14,1.536121186478285704e+22
9.949999999999914899e-06,1.543720118466356250e+14,1.500220950280305168e+22,3.678512083010884096e+18,7.997094113054445000e+14,1.500588896896748513e+22
9.959999999999914804e-06,1.462445760467183438e+14,1.465285740723975068e+22,3.535837866609249792e+18,7.564938833139012500e+14,1.465639414784482030e+22
9.969999999999914708e-06,1.385221874647165625e+14,1.430944343386639617e+22,3.398285982396652032e+18,7.155502949965735000e+14,1.431284257392127535e+22
9.979999999999914612e-06,1.311878615710411719e+14,1.397206243216731826e+22,3.265724318547868160e+18,6.767707529269635000e+14,1.397532896444448086e+22
9.989999999999914516e-06,1.242249434617797188e+14,1.364079026025574223e+22,3.138018686762942976e+18,6.400509975282332500e+14,1.364392904321844589e+22
9.999999999999914421e-06,1.176171516798589375e+14,1.331568517504644730e+22,3.015033551923003392e+18,6.052904745473835000e+14,1.331870093150599617e+22
1.000999999999991432e-05,1.113486139520418906e+14,1.299678915294045562e+22,2.896632681925369856e+18,5.723923733412755000e+14,1.299968646936337056e+22
1.001999999999991423e-05,1.054038957338259531e+14,1.268412914255314656e+22,2.782679724379561472e+18,5.412636367426419375e+14,1.268691246894505840e+22
1.002999999999991413e-05,9.976802237892203125e+13,1.237771825118723650e+22,2.673038716381332992e+18,5.118149467346249375e+14,1.238039190148658653e+22
1.003999999999991404e-05,9.442649567904918750e+13,1.207755686689161137e+22,2.567574533142491136e+18,4.839606896765424375e+14,1.208012501981193883e+22
1.004999999999991394e-05,8.936530545320860938e+13,1.178363371806028254e+22,2.466153280839694336e+18,4.576189043871139375e+14,1.178610041832533184e+22
1.005999999999991385e-05,8.457093680336995312e+13,1.149592687262165264e+22,2.368642638655976960e+18,4.327112159993808125e+14,1.149829603254246100e+22
1.006999999999991375e-05,8.003037359551590625e+13,1.121440467893181691e+22,2.274912154620182272e+18,4.091627581500047500e+14,1.121668008027956969e+22
1.007999999999991365e-05,7.573109867117642188e+13,1.093902665054111033e+22,2.184833499505511424e+18,3.869020857508476250e+14,1.094121194667379995e+22
1.008999999999991356e-05,7.166109124472165625e+13,1.066974429703080981e+22,2.098280682723149312e+18,3.658610803090703125e+14,1.067184301523570419e+22
1.009999999999991346e-05,6.780882189564907812e+13,1.040650190313571641e+22,2.015130233843658240e+18,3.459748495103899375e+14,1.040851744715323107e+22
1.010999999999991337e-05,6.416324552277938281e+13,1.014923725836770502e+22,1.935261353094281216e+18,3.271816225557698125e+14,1.015117291106566826e+22
1.011999999999991327e-05,6.071379258830446875e+13,9.897882339347036897e+21,1.858556033913753600e+18,3.094226425418038750e+14,9.899741265517386662e+21
1.012999999999991318e-05,5.745035894404113281e+13,9.652363947024127623e+21,1.784899160398350336e+18,2.926420569973391250e+14,9.654149196276941455e+21
1.013999999999991308e-05,5.436329449966900781e+13,9.412604300944185754e+21,1.714178582240711424e+18,2.767868075309573750e+14,9.414318810676528677e+21
1.014999999999991298e-05,5.144339096305479688e+13,9.178521592668282159e+21,1.646285169547340544e+18,2.618065194039911875e+14,9.180168191087739929e+21
1.015999999999991289e-05,4.868186885577517188e+13,8.950030500417038713e+21,1.581112849719835904e+18,2.476533917199367188e+14,8.951611909602019377e+21
1.016999999999991279e-05,4.607036398249190625e+13,8.727042666952123220e+21,1.518558628398340864e+18,2.342820888117565938e+14,8.728561505932975014e+21
1.017999999999991270e-05,4.360091351064582031e+13,8.509467142653047996e+21,1.458522596292423168e+18,2.216496333121941562e+14,8.510925930499887071e+21
1.018999999999991260e-05,4.126594179696141406e+13,8.297210795687956972e+21,1.400907923564495616e+18,2.097153013075064375e+14,8.298611954592764658e+21
1.019999999999991251e-05,3.905824607921534375e+13,8.090178691112267416e+21,1.345620843281981440e+18,1.984405199006749688e+14,8.091524549454315127e+21
1.020999999999991241e-05,3.697098213552685156e+13,7.888274440664732664e+21,1.292570625317164800e+18,1.877887674451133125e+14,7.889567236049798693e+21
1.021999999999991231e-05,3.499764999890901172e+13,7.691400524962521416e+21,1.241669541947123968e+18,1.777254766532095000e+14,7.692642407227594899e+21
1.022999999999991222e-05,3.313207980183512891e+13,7.499458589731061760e+21,1.192832826288641536e+18,1.682179407346554688e+14,7.500651623907372040e+21
1.023999999999991212e-05,3.136841781398245312e+13,7.312349717634004025e+21,1.145978624595727232e+18,1.592352226768250938e+14,7.313495886862240186e+21
1.024999999999991203e-05,2.970111272600701562e+13,7.129974677202742018e+21,1.101027943347724800e+18,1.507480677425355000e+14,7.131075885595269005e+21
1.025999999999991193e-05,2.812490222306233984e+13,6.952234150295620289e+21,1.057904591965090944e+18,1.427288192288443125e+14,6.953292225741306462e+21
1.026999999999991184e-05,2.663479988367207031e+13,6.779028939452395291e+21,1.016535121906112896e+18,1.351513375034355781e+14,6.780045636360439071e+21
1.027999999999991174e-05,2.522608243244149219e+13,6.610260156441727861e+21,9.768487628210083840e+17,1.279909223121113906e+14,6.611237158421553742e+21
1.028999999999991164e-05,2.389427736880124219e+13,6.445829393236651672e+21,9.387773563695479040e+17,1.212242383314647188e+14,6.446768315711537283e+21
1.029999999999991155e-05,2.263515098849964844e+13,6.285638876590435729e+21,9.022552882440796160e+17,1.148292439245363906e+14,6.286541269343074779e+21
1.030999999999991145e-05,2.144469680975178906e+13,6.129591607323384611e+21,8.672194188809108480e+17,1.087851230437509844e+14,6.130458956972085477e+21
1.031999999999991136e-05,2.031912441178956641e+13,5.977591485372530950e+21,8.336090132894063360e+17,1.030722202143756562e+14,5.978425217777164878e+21
1.032999999999991126e-05,1.925484868996019141e+13,5.829543421599012618e+21,8.013656703792189440e+17,9.767197852280578125e+13,5.830344904196218683e+21
1.033999999999991117e-05,1.824847952841742969e+13,5.685353437292731040e+21,7.704332521216522240e+17,9.256688052692934375e+13,5.686123981360213262e+21
1.034999999999991107e-05,1.729681188881019531e+13,5.544928752260898357e+21,7.407578128404785920e+17,8.774039200035817188e+13,5.545669615110941835e+21
1.035999999999991097e-05,1.639681631111741797e+13,5.408177862335086461e+21,7.122875288909381120e+17,8.317690841827845312e+13,5.408890249437702521e+21
1.036999999999991088e-05,1.554562982089531250e+13,5.275010607084480758e+21,6.849726289522891520e+17,7.886170408983215625e+13,5.275695674120767275e+21
1.037999999999991078e-05,1.474054723562800977e+13,5.145338228473912623e+21,6.587653251291107840e+17,7.478088384015712500e+13,5.145997083320472568e+21
1.038999999999991069e-05,1.397901286157211523e+13,5.019073421162209870e+21,6.336197450292445440e+17,7.092133714429896875e+13,5.019707125807589622e+21
1.039999999999991059e-05,1.325861257143798047e+13,4.896130375092834140e+21,6.094918649618112000e+17,6.727069461508833594e+13,4.896739947487103549e+21
1.040999999999991050e-05,1.257706625241721680e+13,4.776424810988831769e+21,5.863394443764049920e+17,6.381728674755360938e+13,4.777011226827561107e+21
1.041999999999991040e-05,1.193222061341711523e+13,4.659874009324574999e+21,5.641219616447955200e+17,6.055010482350267969e+13,4.660438203768545739e+21
1.042999999999991030e-05,1.132204233988135938e+13,4.546396833310831018e+21,5.428005512684757760e+17,5.745876388137754688e+13,4.546939702642905973e+21
1.043999999999991021e-05,1.074461158424052930e+13,4.435913746394834797e+21,5.223379425794806400e+17,5.453346765835917188e+13,4.436436149615493382e+21
1.044999999999991011e-05,1.019811577982118555e+13,4.328346824743423312e+21,5.026983999875543680e+17,5.176497541384607812e+13,4.328849585106501763e+21
1.045999999999991002e-05,9.680843765930263672e+12,4.223619765146705461e+21,4.838476648139578880e+17,4.914457054583459375e+13,4.224103671636933214e+21
1.046999999999990992e-05,9.191180211824130859e+12,4.121657888750193082e+21,4.657528987410081920e+17,4.666403091431217969e+13,4.122123697504145375e+21
1.047999999999990982e-05,8.727600327322472656e+12,4.022388140994819785e+21,4.483826288962193280e+17,4.431560078849553125e+13,4.022836576666917536e+21
1.048999999999990973e-05,8.288664847962439453e+12,3.925739088119028777e+21,4.317066945812346240e+17,4.209196433757628125e+13,3.926170845194239869e+21
1.049999999999990963e-05,7.873015282766733398e+12,3.831640910551146562e+21,4.156961956477691520e+17,3.998622058752714844e+13,3.832056654606030078e+21
1.050999999999990954e-05,7.479369412925252930e+12,3.740025393498022216e+21,4.003234425160885760e+17,3.799185976945632812e+13,3.740425762411767661e+21
1.051999999999990944e-05,7.106517029959699219e+12,3.650825915013424742e+21,3.855619078254359680e+17,3.610274098793969531e+13,3.651211520130508390e+21
1.052999999999990935e-05,6.753315902227901367e+12,3.563977431808795476e+21,3.713861797007600000e+17,3.431307114070196094e+13,3.564348859054883340e+21
1.053999999999990925e-05,6.418687958948843750e+12,3.479416463050340827e+21,3.577719166155540480e+17,3.261738502392740234e+13,3.479774274003029459e+21
1.054999999999990915e-05,6.101615681261904297e+12,3.397081072367776563e+21,3.446958038268367360e+17,3.101052656035712891e+13,3.397425805283745071e+21
1.055999999999990906e-05,5.801138690183212891e+12,3.316910848282811957e+21,3.321355113549768960e+17,2.948763109014601172e+13,3.317243019082936615e+21
1.056999999999990896e-05,5.516350521681079102e+12,3.238846883250291868e+21,3.200696534784515200e+17,2.804410866721638281e+13,3.239166986464229589e+21
1.057999999999990887e-05,5.246395579455347656e+12,3.162831751489116439e+21,3.084777497112501120e+17,2.667562830653107812e+13,3.163140261160851341e+21
1.058999999999990877e-05,4.990466256370296875e+12,3.088809485766552453e+21,2.973401872288451200e+17,2.537810313032167969e+13,3.089106856322350449e+21
1.059999999999990868e-05,4.747800215857600586e+12,3.016725553286463095e+21,2.866381847071484800e+17,2.414767636384025391e+13,3.017012220366646411e+21
1.060999999999990858e-05,4.517677824967583984e+12,2.946526830819758572e+21,2.763537575377400640e+17,2.298070813365070703e+13,2.946803212075682234e+21
1.061999999999990848e-05,4.299419731104462891e+12,2.878161579203764945e+21,2.664696843817792000e+17,2.187376302383262500e+13,2.878428075061329527e+21
1.062999999999990839e-05,4.092384574835824707e+12,2.811579417327159476e+21,2.569694750244350400e+17,2.082359834774853516e+13,2.811836411718166643e+21
1.063999999999990829e-05,3.895966831508892578e+12,2.746731295706575274e+21,2.478373394912886400e+17,1.982715309520176953e+13,2.746979156769186513e+21
1.064999999999990820e-05,3.709594774744632812e+12,2.683569469752247058e+21,2.390581583880297920e+17,1.888153751691147266e+13,2.683808550501767709e+21
1.065999999999990810e-05,3.532728555207244629e+12,2.622047472811207819e+21,2.306174544247309440e+17,1.798402331023327344e+13,2.622278111782384435e+21
1.066999999999990801e-05,3.364858388364784180e+12,2.562120089069036241e+21,2.225013650862189760e+17,1.713203437197442578e+13,2.562342610931014959e+21
1.067999999999990791e-05,3.205502845263523438e+12,2.503743326383059763e+21,2.146966164103321920e+17,1.632313808598382031e+13,2.503958042528110871e+21
1.068999999999990781e-05,3.054207240636047852e+12,2.446874389113769296e+21,2.071904978362581760e+17,1.555503711494436133e+13,2.447081598220850168e+21
1.069999999999990772e-05,2.910542112948786621e+12,2.391471651014264226e+21,1.999708380857168320e+17,1.482556166746464453e+13,2.391671639588454007e+21
1.070999999999990762e-05,2.774101791269751953e+12,2.337494628232190231e+21,1.930259820403321280e+17,1.413266221314967188e+13,2.337687671120994763e+21
1.071999999999990753e-05,2.644503044101026855e+12,2.284903952472537301e+21,1.863447685791936000e+17,1.347440261984164453e+13,2.285090313360022438e+21
1.072999999999990743e-05,2.521383805574838379e+12,2.233661344365293339e+21,1.799165093414073280e+17,1.284895368865628906e+13,2.233841276244972274e+21
1.073999999999990734e-05,2.404401974652497070e+12,2.183729587076752474e+21,1.737309683791648000e+17,1.225458706380169141e+13,2.183903332704120734e+21
1.074999999999990724e-05,2.293234283199069824e+12,2.135072500199088456e+21,1.677783426677153600e+17,1.168966949545898047e+13,2.135240292524660097e+21
1.075999999999990714e-05,2.187575229026742432e+12,2.087654913949153886e+21,1.620492434394906240e+17,1.115265743523193945e+13,2.087816976532825965e+21
1.076999999999990705e-05,2.087136070211019775e+12,2.041442643703158538e+21,1.565346783104899200e+17,1.064209194483255273e+13,2.041599191110697091e+21
1.077999999999990695e-05,1.991643877185425781e+12,1.996402464891319353e+21,1.512260341679651840e+17,1.015659389977085156e+13,1.996553703073725022e+21
1.078999999999990686e-05,1.900840639311134277e+12,1.952502088272545055e+21,1.461150607893201280e+17,9.694859470859564453e+12,1.952648214929034707e+21
1.079999999999990676e-05,1.814482422800484619e+12,1.909710135607299146e+21,1.411938551630916000e+17,9.255655867329318359e+12,1.909851340532600537e+21
1.080999999999990667e-05,1.732338577045963379e+12,1.867996115743269192e+21,1.364548464837690400e+17,8.837817326281933594e+12,1.868132581159908934e+21
1.081999999999990657e-05,1.654190986571062500e+12,1.827330401126967411e+21,1.318907817931397120e+17,8.440241334091526367e+12,1.827462302003192922e+21
1.082999999999990647e-05,1.579833365974348145e+12,1.787684204751277261e+21,1.274947122417549600e+17,8.061885066194895508e+12,1.787811709105237393e+21
1.083999999999990638e-05,1.509070595387072510e+12,1.749029557547722080e+21,1.232599799450075360e+17,7.701762032499621094e+12,1.749152826738499650e+21
1.084999999999990628e-05,1.441718094103804688e+12,1.711339286229966651e+21,1.191802054092062400e+17,7.358938916380111328e+12,1.711458475236032774e+21
1.085999999999990619e-05,1.377601230178808594e+12,1.674586991593498870e+21,1.152492755039053600e+17,7.032532595933540039e+12,1.674702249279136727e+21
1.086999999999990609e-05,1.316554763906235596e+12,1.638747027274998481e+21,1.114613319576028000e+17,6.721707336828083984e+12,1.638858496645218435e+21
1.087999999999990600e-05,1.258422323221253418e+12,1.603794478973299196e+21,1.078107603547673280e+17,6.425672146699971680e+12,1.603902297417748316e+21
1.088999999999990590e-05,1.203055909171584717e+12,1.569705144132959732e+21,1.042921796129861760e+17,6.143678281643977539e+12,1.569809443659307024e+21
1.089999999999990580e-05,1.150315429715122559e+12,1.536455512089937576e+21,1.009004319198116000e+17,5.875016895896540039e+12,1.536556419547189740e+21
1.090999999999990571e-05,1.100068260199823730e+12,1.504022744678170886e+21,9.763057310967990400e+16,5.619016826332909180e+12,1.504120381970365546e+21
1.091999999999990561e-05,1.052188828977100220e+12,1.472384657294687994e+21,9.447786346204054400e+16,5.375042503893063477e+12,1.472479141585381491e+21
1.092999999999990552e-05,1.006558226689059692e+12,1.441519700420270752e+21,9.143775890257512000e+16,5.142491984514404297e+12,1.441611144328223654e+21
1.093999999999990542e-05,9.630638378551132812e+11,1.411406941591818732e+21,8.850590259009441600e+16,4.920795092586625000e+12,1.411495453378267841e+21
1.094999999999990533e-05,9.215989934627620850e+11,1.382026047821951533e+21,8.567811687241808000e+16,4.709411670355639648e+12,1.382111731569834590e+21
1.095999999999990523e-05,8.820626433430144043e+11,1.353357268460864537e+21,8.295039559519939200e+16,4.507829927091370117e+12,1.353440224246352314e+21
1.096999999999990513e-05,8.443590471817060547e+11,1.325381418494795973e+21,8.031889674832740800e+16,4.315564882198610840e+12,1.325461742551468343e+21
1.097999999999990504e-05,8.083974830851408691e+11,1.298079862275205235e+21,7.777993543516036800e+16,4.132156896794425293e+12,1.298157647151194964e+21
1.098999999999990494e-05,7.740919726813615723e+11,1.271434497672263238e+21,7.532997715046313600e+16,3.957170288597978516e+12,1.271509832380676047e+21
1.099999999999990485e-05,7.413610217981082764e+11,1.245427740645864243e+21,7.296563135349864000e+16,3.790192025283857910e+12,1.245500710808770839e+21
1.100999999999990475e-05,7.101273758145351562e+11,1.220042510227308020e+21,7.068364532331320000e+16,3.630830491735981445e+12,1.220113198213589107e+21
1.101999999999990465e-05,6.803177888364273682e+11,1.195262213904207970e+21,6.848089828377602400e+16,3.478714326908257324e+12,1.195330698961523835e+21
1.102999999999990456e-05,6.518628058946523438e+11,1.171070733401406177e+21,6.635439578648624000e+16,3.333491326252525879e+12,1.171137091782546817e+21
1.103999999999990446e-05,6.246965574134477539e+11,1.147452410850058961e+21,6.430126434015363200e+16,3.194827405912082031e+12,1.147516715933923017e+21
1.104999999999990437e-05,5.987565652389530029e+11,1.124392035337340584e+21,6.231874627554772000e+16,3.062405625103721191e+12,1.124454357744778346e+21
1.105999999999990427e-05,5.739835595606441650e+11,1.101874829828793041e+21,6.040419483559076800e+16,2.935925263322490723e+12,1.101935237533537403e+21
1.106999999999990418e-05,5.503213060966771240e+11,1.079886438455507026e+21,5.855506948061124800e+16,2.815100949201604492e+12,1.079944996890409828e+21
1.107999999999990408e-05,5.277164429516472168e+11,1.058412914158087176e+21,5.676893139920389600e+16,2.699661838046728516e+12,1.058469686316864635e+21
1.108999999999990398e-05,5.061183265895797119e+11,1.037440706679542645e+21,5.504343921557967200e+16,2.589350835239763672e+12,1.037495753214227382e+21
1.109999999999990389e-05,4.854788863977832031e+11,1.016956650898932630e+21,5.337634488465851200e+16,2.483923862872032715e+12,1.017010030213220008e+21
1.110999999999990379e-05,4.657524873478823853e+11,9.969479554979999252e+20,5.176548976656615200e+16,2.383149167122458496e+12,9.969997238366681170e+20
1.111999999999990370e-05,4.468958002892725830e+11,9.774021919527981548e+20,5.020880087255294400e+16,2.286806664042298828e+12,9.774524034873731318e+20
1.112999999999990360e-05,4.288676794374271851e+11,9.583072838422994616e+20,4.870428727469680000e+16,2.194687321545277832e+12,9.583559907531291361e+20
1.113999999999990351e-05,4.116290466451864624e+11,9.396514964663519150e+20,4.725003667211081600e+16,2.106592575531583496e+12,9.396987490212456694e+20
1.114999999999990341e-05,3.951427820691278687e+11,9.214234267651497001e+20,4.584421210667608800e+16,2.022333778195229736e+12,9.214692733947328594e+20
1.115999999999990331e-05,3.793736208659178467e+11,9.036119935324917596e+20,4.448504882164755200e+16,1.941731676678963379e+12,9.036564809024186614e+20
1.116999999999990322e-05,3.642880555748438110e+11,8.862064279154246287e+20,4.317085125676496800e+16,1.864615920348184814e+12,8.862496009955854254e+20
1.117999999999990312e-05,3.498542438627176514e+11,8.691962641926413353e+20,4.189999017379482400e+16,1.790824595056541992e+12,8.692381663234938634e+20
1.118999999999990303e-05,3.360419213263328247e+11,8.525713308243190088e+20,4.067089990668953600e+16,1.720203782870844971e+12,8.526120037804712919e+20
1.119999999999990293e-05,3.228223190654581299e+11,8.363217417662710415e+20,3.948207573082187200e+16,1.652607145812521973e+12,8.363612258174313431e+20
1.120999999999990284e-05,3.101680857558889160e+11,8.204378880410889748e+20,3.833207134599177600e+16,1.587895532256728516e+12,8.204762220104986132e+20
1.121999999999990274e-05,2.980532139680203857e+11,8.049104295594942792e+20,3.721949646814200800e+16,1.525936604709543213e+12,8.049476508799522570e+20
1.122999999999990264e-05,2.864529704910947876e+11,7.897302871848661811e+20,3.614301452495479200e+16,1.466604487757957764e+12,7.897664319524486513e+20
1.123999999999990255e-05,2.753438304372077026e+11,7.748886350342729236e+20,3.510134045070242800e+16,1.409779435057379395e+12,7.749237380598469755e+20
1.124999999999990245e-05,2.647034149122691956e+11,7.603768930094485340e+20,3.409323857594939600e+16,1.355347514287255371e+12,7.604109878680754586e+20
1.125999999999990236e-05,2.545104320534985352e+11,7.461867195511945298e+20,3.311752060789287200e+16,1.303200309067339355e+12,7.462198386295130030e+20
1.126999999999990226e-05,2.447446212445238342e+11,7.323100046109143204e+20,3.217304369731693600e+16,1.253234636885306152e+12,7.323421791525907988e+20
1.127999999999990217e-05,2.353867003302013245e+11,7.187388628330707681e+20,3.125870858832444400e+16,1.205352282141454346e+12,7.187701229823980995e+20
1.128999999999990207e-05,2.264183156633912659e+11,7.054656269425174118e+20,3.037345784717442800e+16,1.159459743467544434e+12,7.054960017862426624e+20
1.129999999999990197e-05,2.178219948257870178e+11,6.924828413308690760e+20,2.951627416672699200e+16,1.115467994525521484e+12,6.925123589383258112e+20
1.130999999999990188e-05,2.095811018737557068e+11,6.797832558360382669e+20,2.868617874314970800e+16,1.073292257537584229e+12,6.798119432976547185e+20
1.131999999999990178e-05,2.016797949689418335e+11,6.673598197093483151e+20,2.788222972169083200e+16,1.032851788841779053e+12,6.673877031736016896e+20
1.132999999999990169e-05,1.941029862612695923e+11,6.552056757648088105e+20,2.710352070847429600e+16,9.940696758081220703e+11,6.552327804736899645e+20
1.133999999999990159e-05,1.868363038996701355e+11,6.433141547050640343e+20,2.634917934539892000e+16,9.568726444879316406e+11,6.433405050281184461e+20
1.134999999999990150e-05,1.798660560528850708e+11,6.316787696188782019e+20,2.561836594536726000e+16,9.211908774051374512e+11,6.317043890858805166e+20
1.135999999999990140e-05,1.731791968295989685e+11,6.202932106450893537e+20,2.491027218518587600e+16,8.869578409319897461e+11,6.203181219774115348e+20
1.136999999999990130e-05,1.667632939932633057e+11,6.091513397980144599e+20,2.422411985360106800e+16,8.541101217232705078e+11,6.091755649387414159e+20
1.137999999999990121e-05,1.606064983730819397e+11,5.982471859495412695e+20,2.355915965205338400e+16,8.225872717130958252e+11,5.982707460923870413e+20
1.138999999999990111e-05,1.546975148781888123e+11,5.875749399631577743e+20,2.291467004583379600e+16,7.923316612064724121e+11,5.875978555802328105e+20
1.139999999999990102e-05,1.490255750272955933e+11,5.771289499754286285e+20,2.228995616343787600e+16,7.632883396242857666e+11,5.771512408439059907e+20
1.140999999999990092e-05,1.435804109111136169e+11,5.669037168203965399e+20,2.168434874200791600e+16,7.354049034853769531e+11,5.669254020481238303e+20
1.141999999999990083e-05,1.383522305094932556e+11,5.568938895926461071e+20,2.109720311684935600e+16,7.086313712327866211e+11,5.569149876427466342e+20
1.142999999999990073e-05,1.333316942896393890e+11,5.470942613447899218e+20,2.052789825310016800e+16,6.829200645335004883e+11,5.471147900592947855e+20
1.143999999999990063e-05,1.285098930159513702e+11,5.374997649153532887e+20,1.997583581771552400e+16,6.582254957017469482e+11,5.375197415379063931e+20
1.144999999999990054e-05,1.238783267058698730e+11,5.281054688830041620e+20,1.944043929001406000e+16,6.345042609155950928e+11,5.281249100806767903e+20
1.145999999999990044e-05,1.194288846698807678e+11,5.189065736433640407e+20,1.892115310911110800e+16,6.117149389151427002e+11,5.189254955276169380e+20
1.146999999999990035e-05,1.151538265772401886e+11,5.098984076046002422e+20,1.841744185663873200e+16,5.898179948879215088e+11,5.099168257514286612e+20
1.147999999999990025e-05,1.110457644922787781e+11,5.010764234981695160e+20,1.792878947322285600e+16,5.687756892636383057e+11,5.010943529674641900e+20
1.148999999999990015e-05,1.070976458292194519e+11,4.924361948012326420e+20,1.745469850726024200e+16,5.485519911558438110e+11,4.924536501553895178e+20
1.149999999999990006e-05,1.033027371763406372e+11,4.839734122672257106e+20,1.699468939459855600e+16,5.291124962026685791e+11,4.839904075890355732e+20
1.150999999999989996e-05,9.965460894306507874e+10,4.756838805613589299e+20,1.654829976778797000e+16,5.104243485725717773e+11,4.757004294712056873e+20
1.151999999999989987e-05,9.614712078612164307e+10,4.675635149977525289e+20,1.611508379363152000e+16,4.924561669139412842e+11,4.675796306701495173e+20
1.152999999999989977e-05,9.277440777335877991e+10,4.596083383750857196e+20,1.569461153781838200e+16,4.751779740396617432e+11,4.596240335545758515e+20
1.153999999999989968e-05,8.953086724610797119e+10,4.518144779077629379e+20,1.528646835547819000e+16,4.585611301492775269e+11,4.518297649242104791e+20
1.154999999999989958e-05,8.641114634308508301e+10,4.441781622495784468e+20,1.489025430654591400e+16,4.425782694021867676e+11,4.441930530328743772e+20
1.155999999999989948e-05,8.341013015096388245e+10,4.366957186071078502e+20,1.450558359487729800e+16,4.272032396656293335e+11,4.367102247013161370e+20
1.156999999999989939e-05,8.052293044855244446e+10,4.293635699399596442e+20,1.413208403009980200e+16,4.124110452708041992e+11,4.293777025169236951e+20
1.157999999999989929e-05,7.774487501342840576e+10,4.221782322453066547e+20,1.376939651123255600e+16,3.981777926196744385e+11,4.221920021177405932e+20
1.158999999999989920e-05,7.507149746151045227e+10,4.151363119239735542e+20,1.341717453114730600e+16,3.844806384934747314e+11,4.151497295580568617e+20
1.159999999999989910e-05,7.249852759171032715e+10,4.082345032256661094e+20,1.307508370098663200e+16,3.712977409221829224e+11,4.082475787531633951e+20
1.160999999999989901e-05,7.002188220930851746e+10,4.014695857708071649e+20,1.274280129369393400e+16,3.586082124817861938e+11,4.014823290007309517e+20
1.161999999999989891e-05,6.763765640311815643e+10,3.948384221466386104e+20,1.242001580584546200e+16,3.463920758933960571e+11,3.948508425764742103e+20
1.162999999999989881e-05,6.534211525289407349e+10,3.883379555753196257e+20,1.210642653701351200e+16,3.346302218051467285e+11,3.883500624018290115e+20
1.163999999999989872e-05,6.313168594468045807e+10,3.819652076517362237e+20,1.180174318592022000e+16,3.233043686441574097e+11,3.819770097813581988e+20
1.164999999999989862e-05,6.100295027301745605e+10,3.757172761488818831e+20,1.150568546267635000e+16,3.123970244319750977e+11,3.757287822077444751e+20
1.165999999999989853e-05,5.895263751006132507e+10,3.695913328887378084e+20,1.121798271643010600e+16,3.018914504626074829e+11,3.696025512322983526e+20
1.166999999999989843e-05,5.697761762274531555e+10,3.635846216765862052e+20,1.093837357777909200e+16,2.917716267477011719e+11,3.635955603989132083e+20
1.167999999999989834e-05,5.507489482012648773e+10,3.576944562968321065e+20,1.066660561532939000e+16,2.820222191384995728e+11,3.577051232395445535e+20
1.168999999999989824e-05,5.324160141400493622e+10,3.519182185683765166e+20,1.040243500580971400e+16,2.726285480390531616e+11,3.519286213292524831e+20
1.169999999999989814e-05,5.147499197684605408e+10,3.462533564577593426e+20,1.014562621717705600e+16,2.635765586297406311e+11,3.462635023990280684e+20
1.170999999999989805e-05,4.977243778182251740e+10,3.406973822482268160e+20,9.895951704172588000e+15,2.548527925243887634e+11,3.407072785045562327e+20
1.171999999999989795e-05,4.813142151068286133e+10,3.352478707630310031e+20,9.653191615812548000e+15,2.464443607884721680e+11,3.352575242492226437e+20
1.172999999999989786e-05,4.654953221583802032e+10,3.299024576412589752e+20,9.417133514317738000e+15,2.383389182495581970e+11,3.299118750596616684e+20
1.173999999999989776e-05,4.502446052383401489e+10,3.246588376645934121e+20,9.187572105010968000e+15,2.305246390349568787e+11,3.246680255122475581e+20
1.174999999999989767e-05,4.355399406802037811e+10,3.195147631333959270e+20,8.964308976728524000e+15,2.229901932748367310e+11,3.195237277089168097e+20
1.175999999999989757e-05,4.213601313889129639e+10,3.144680422906302300e+20,8.747152352313466000e+15,2.157247249123904419e+11,3.144767897008433398e+20
1.176999999999989747e-05,4.076848654117425537e+10,3.095165377921107886e+20,8.535916848776556000e+15,2.087178305656752930e+11,3.095250739584459080e+20
1.177999999999989738e-05,3.944946764731002808e+10,3.046581652216744509e+20,8.330423246727848000e+15,2.019595393886389465e+11,3.046664958863301673e+20
1.178999999999989728e-05,3.817709063752123260e+10,2.998908916498800312e+20,8.130498268700721000e+15,1.954402938816107178e+11,2.998990223817660826e+20
1.179999999999989719e-05,3.694956691717115021e+10,2.952127342348945326e+20,7.935974366004221000e+15,1.891509316041108704e+11,2.952206704353610301e+20
1.180999999999989709e-05,3.576518170260667419e+10,2.906217588642656420e+20,7.746689513756722000e+15,1.830826677452789612e+11,2.906295057726272635e+20
1.181999999999989700e-05,3.462229076712625122e+10,2.861160788363289887e+20,7.562487013768118000e+15,1.772270785095592346e+11,2.861236415351921050e+20
1.182999999999989690e-05,3.351931733916625214e+10,2.816938535800335892e+20,7.383215304952375000e+15,1.715760852774609070e+11,2.817012370004339589e+20
1.183999999999989680e-05,3.245474914518866730e+10,2.773532874119985234e+20,7.208727780965094000e+15,1.661219395032814941e+11,2.773604963383561421e+20
1.184999999999989671e-05,3.142713559015700150e+10,2.730926283296501268e+20,7.038882614774362000e+15,1.608572083136589355e+11,2.730996674045492265e+20
1.185999999999989661e-05,3.043508506884318161e+10,2.689101668393726444e+20,6.873542589885504000e+15,1.557747607726647949e+11,2.689170405681723474e+20
1.186999999999989652e-05,2.947726240157010269e+10,2.648042348185579356e+20,6.712574937952032000e+15,1.508677547809170227e+11,2.648109475738409042e+20
1.187999999999989642e-05,2.855238638830384445e+10,2.607732044105232220e+20,6.555851182516035000e+15,1.461296245778431091e+11,2.607797604363877417e+20
1.188999999999989633e-05,2.765922747533602524e+10,2.568154869513277276e+20,6.403246988632753000e+15,1.415540688178140869e+11,2.568218903675296481e+20
1.189999999999989623e-05,2.679660552908937073e+10,2.529295319274702766e+20,6.254642018144395000e+15,1.371350391923506165e+11,2.529357867334200852e+20
1.190999999999989613e-05,2.596338771185063171e+10,2.491138259635661046e+20,6.109919790377490000e+15,1.328667295720246429e+11,2.491199360421866045e+20
1.191999999999989604e-05,2.515848645450316238e+10,2.453668918390368174e+20,5.968967548047631000e+15,1.287435656429949799e+11,2.453728609604869161e+20
1.192999999999989594e-05,2.438085752159016037e+10,2.416872875330075361e+20,5.831676128165839000e+15,1.247601950144228058e+11,2.416931193582767636e+20
1.193999999999989585e-05,2.362949816425994492e+10,2.380736052964834345e+20,5.697939837747414000e+15,1.209114777741648254e+11,2.380793033808621404e+20
1.194999999999989575e-05,2.290344535687887192e+10,2.345244707510078013e+20,5.567656334133461000e+15,1.171924774713122253e+11,2.345300385474378793e+20
1.195999999999989565e-05,2.220177411331564713e+10,2.310385420130181775e+20,5.440726509743993000e+15,1.135984525052146301e+11,2.310439828753281516e+20
1.196999999999989556e-05,2.152359587908100891e+10,2.276145088430697021e+20,5.317054381086805000e+15,1.101248479016240234e+11,2.276198260290992538e+20
1.197999999999989546e-05,2.086805699572663116e+10,2.242510918192375398e+20,5.196546981856220000e+15,1.067672874576026154e+11,2.242562884938547528e+20
1.198999999999989537e-05,2.023433723406054688e+10,2.209470415339245076e+20,5.079114259960706000e+15,1.035215662377181854e+11,2.209521207719403520e+20
1.199999999999989527e-05,1.962164839292428970e+10,2.177011378133767619e+20,4.964668978325845000e+15,1.003836434049352112e+11,2.177061026023603896e+20
1.200999999999989518e-05,1.902923296043521500e+10,2.145121889592427151e+20,4.853126619325532000e+15,9.734963537043556213e+10,2.145170422022409093e+20
1.201999999999989508e-05,1.845636283474623108e+10,2.113790310114817475e+20,4.744405292700026000e+15,9.441580924737007141e+10,2.113837755296466207e+20
1.202999999999989498e-05,1.790233810152817535e+10,2.083005270320155853e+20,4.638425646825395000e+15,9.157857659430465698e+10,2.083051655671433134e+20
1.203999999999989489e-05,1.736648586551770401e+10,2.052755664084720026e+20,4.535110783204675000e+15,8.883448743480358887e+10,2.052801016254561649e+20
1.204999999999989479e-05,1.684815913359475327e+10,2.023030641774374093e+20,4.434386174055848500e+15,8.618022454026991272e+10,2.023074986666398515e+20
1.205999999999989470e-05,1.634673574699205589e+10,1.993819603666243748e+20,4.336179582877474500e+15,8.361259796379714966e+10,1.993862966461665772e+20
1.206999999999989460e-05,1.586161736035139656e+10,1.965112193553988649e+20,4.240420987877018500e+15,8.112853981338085938e+10,1.965154598733768950e+20
1.207999999999989451e-05,1.539222846544518471e+10,1.936898292531159695e+20,4.147042508152425500e+15,7.872509925340351868e+10,1.936939763897414451e+20
1.208999999999989441e-05,1.493801545750311089e+10,1.909168012947244319e+20,4.055978332520873500e+15,7.639943772385879517e+10,1.909208573643944100e+20
1.209999999999989431e-05,1.449844574217327309e+10,1.881911692531474104e+20,3.967164650893903000e+15,7.414882436727737427e+10,1.881951365064455619e+20
1.210999999999989422e-05,1.407300688124505043e+10,1.855119888679246889e+20,3.880539588101558500e+15,7.197063165381390381e+10,1.855158694935564124e+20
1.211999999999989412e-05,1.366120577535623741e+10,1.828783372896402801e+20,3.796043140072522000e+15,6.986233119541488647e+10,1.828821334163038863e+20
1.212999999999989403e-05,1.326256788198696709e+10,1.802893125396753613e+20,3.713617112280649000e+15,6.782148974041584778e+10,1.802930262378716856e+20
1.213999999999989393e-05,1.287663646712644577e+10,1.777440329848169103e+20,3.633205060371980500e+15,6.584576534034475708e+10,1.777476662685996810e+20
1.214999999999989384e-05,1.250297188908302689e+10,1.752416368263002849e+20,3.554752232890073500e+15,6.393290368109821320e+10,1.752451916549690163e+20
1.215999999999989374e-05,1.214115091296825027e+10,1.727812816028597944e+20,3.478205516020161500e+15,6.208073457102645874e+10,1.727847598825977283e+20
1.216999999999989364e-05,1.179076605446839905e+10,1.703621437073651466e+20,3.403513380276546500e+15,6.028716857883051300e+10,1.703655472928233554e+20
1.217999999999989355e-05,1.145142495157794952e+10,1.679834179166531420e+20,3.330625829059942000e+15,5.855019381450430298e+10,1.679867486124838093e+20
1.218999999999989345e-05,1.112274976303035545e+10,1.656443169341681172e+20,3.259494349014962000e+15,5.686787284687899017e+10,1.656475764965077484e+20
1.219999999999989336e-05,1.080437659222718430e+10,1.633440709450338796e+20,3.190071862120500000e+15,5.523833975163716125e+10,1.633472610829387039e+20
1.220999999999989326e-05,1.049595493551909828e+10,1.610819271831930143e+20,3.122312679447964000e+15,5.365979728394276428e+10,1.610850495600282173e+20
1.221999999999989317e-05,1.019714715374866104e+10,1.588571495102705500e+20,3.056172456526088000e+15,5.213051417012300873e+10,1.588602057450547446e+20
1.222999999999989307e-05,9.907627966014320374e+09,1.566690180058109706e+20,2.991608150252038000e+15,5.064882251309228516e+10,1.566720096745176760e+20
1.223999999999989297e-05,9.627083964668201447e+09,1.545168285685624013e+20,2.928577977291809500e+15,4.921311530645637512e+10,1.545197572053798748e+20
1.224999999999989288e-05,9.355213150599956512e+09,1.523998925284856627e+20,2.867041373914920000e+15,4.782184405247773743e+10,1.524027596270366228e+20
1.225999999999989278e-05,9.091724487911249161e+09,1.503175362691873178e+20,2.806958957210534000e+15,4.647351647930635834e+10,1.503203432837097390e+20
1.226999999999989269e-05,8.836337477119710922e+09,1.482691008604562391e+20,2.748292487634182500e+15,4.516669435309022522e+10,1.482718492069469225e+20
1.227999999999989259e-05,8.588781746078082085e+09,1.462539417006340014e+20,2.691004832836189500e+15,4.389999138079195404e+10,1.462566327579556250e+20
1.228999999999989250e-05,8.348796657825921059e+09,1.442714281685273641e+20,2.635059932725135000e+15,4.267207119972303009e+10,1.442740632794809631e+20
1.229999999999989240e-05,8.116130934633740425e+09,1.423209432845766001e+20,2.580422765721038500e+15,4.148164545000081635e+10,1.423235237569400996e+20
1.230999999999989230e-05,7.890542297528164864e+09,1.404018833810313052e+20,2.527059316154894000e+15,4.032747192629752350e+10,1.404044104885654815e+20
1.231999999999989221e-05,7.671797120623384476e+09,1.385136577808767222e+20,2.474936542773168500e+15,3.920835280543124390e+10,1.385161327642996408e+20
1.232999999999989211e-05,7.459670099613678932e+09,1.366556884852423885e+20,2.424022348306869500e+15,3.812313294649464417e+10,1.366581125531734835e+20
1.233999999999989202e-05,7.253943933811313629e+09,1.348274098690651095e+20,2.374285550066853000e+15,3.707069826037858582e+10,1.348297841989398200e+20
1.234999999999989192e-05,7.054409021142768860e+09,1.330282683847765361e+20,2.325695851528315000e+15,3.604997414568464661e+10,1.330305941237324513e+20
1.235999999999989183e-05,6.860863165543866158e+09,1.312577222737641964e+20,2.278223814868754500e+15,3.505992398816339874e+10,1.312600005394998559e+20
1.236999999999989173e-05,6.673111296217473984e+09,1.295152412854112584e+20,2.231840834425263000e+15,3.409954772094016266e+10,1.295174731670183281e+20
1.237999999999989163e-05,6.490965198245701790e+09,1.278003064034930360e+20,2.186519111038156000e+15,3.316788044291917038e+10,1.278024929622629253e+20
1.238999999999989154e-05,6.314243254066568375e+09,1.261124095797000929e+20,2.142231627249140500e+15,3.226399109287244034e+10,1.261145518499055862e+20
1.239999999999989144e-05,6.142770195352974892e+09,1.244510534741290353e+20,2.098952123323743000e+15,3.138698117683368301e+10,1.244531524637821010e+20
1.240999999999989135e-05,5.976376864847904205e+09,1.228157512025065390e+20,2.056655074068458750e+15,3.053598354652359772e+10,1.228178078940929720e+20
1.241999999999989125e-05,5.814899987732254982e+09,1.212060260899696148e+20,2.015315666414441000e+15,2.971016122663680267e+10,1.212080414411610849e+20
1.242999999999989115e-05,5.658181952120871544e+09,1.196214114312360755e+20,1.974909777740794750e+15,2.890870628891759109e+10,1.196233863755806966e+20
1.243999999999989106e-05,5.506070598299375534e+09,1.180614502569570304e+20,1.935413954910893000e+15,2.813083877104283524e+10,1.180633857045488435e+20
1.244999999999989096e-05,5.358419016332251549e+09,1.165256951060953825e+20,1.896805393997044500e+15,2.737580563842245483e+10,1.165275919442236047e+20
1.245999999999989087e-05,5.215085351690037727e+09,1.150137078041631457e+20,1.859061920668866750e+15,2.664287978710739899e+10,1.150155668979417743e+20
1.246999999999989077e-05,5.075932618556875229e+09,1.135250592471481549e+20,1.822161971222498500e+15,2.593135908608055496e+10,1.135268814401266647e+20
1.247999999999989068e-05,4.940828520497610092e+09,1.120593291909747016e+20,1.786084574227780500e+15,2.524056545727851105e+10,1.120611153057303265e+20
1.248999999999989058e-05,4.809645278175616264e+09,1.106161060463443149e+20,1.750809332772100750e+15,2.456984399176648712e+10,1.106178568850565693e+20
1.249999999999989048e-05,4.682259463826871872e+09,1.091949866788084777e+20,1.716316407280084250e+15,2.391856210056120682e+10,1.091967030238165729e+20
1.250999999999989039e-05,4.558551842209574699e+09,1.077955762139278049e+20,1.682586498888820000e+15,2.328610869865574646e+10,1.077972588282713539e+20
1.251999999999989029e-05,4.438407217759552002e+09,1.064174878473798943e+20,1.649600833359888000e+15,2.267189342087396240e+10,1.064191374753235599e+20
1.252999999999989020e-05,4.321714287694834709e+09,1.050603426598705889e+20,1.617341145508925000e+15,2.207534586823108673e+10,1.050619600274131681e+20
1.253999999999989010e-05,4.208365500822712421e+09,1.037237694367343084e+20,1.585789664135450500e+15,2.149591488354511261e+10,1.037253552521027256e+20
1.254999999999989001e-05,4.098256921815340996e+09,1.024074044920769577e+20,1.554929097435431250e+15,2.093306785509177399e+10,1.024089594462057267e+20
1.255999999999988991e-05,3.991288100727708817e+09,1.011108914973452698e+20,1.524742618879914250e+15,2.038629004714966202e+10,1.011124162643417170e+20
1.256999999999988981e-05,3.887361947543302059e+09,9.983388131420266496e+19,1.495213853544030500e+15,1.985508395633615494e+10,9.983537655179865293e+19
1.257999999999988972e-05,3.786384611541777134e+09,9.857603183159233741e+19,1.466326864870616250e+15,1.933896869267496109e+10,9.857749818158256947e+19
1.258999999999988962e-05,3.688265365291754246e+09,9.733700780687212544e+19,1.438066141853932000e+15,1.883747938439013672e+10,9.733844589553972019e+19
1.259999999999988953e-05,3.592916493080066681e+09,9.611648071091385139e+19,1.410416586628902000e+15,1.835016660545850754e+10,9.611789114944354714e+19
1.260999999999988943e-05,3.500253183597118378e+09,9.491412857705945498e+19,1.383363502452313000e+15,1.787659582499698639e+10,9.491551196193875558e+19
1.261999999999988934e-05,3.410193426706295013e+09,9.372963585382490112e+19,1.356892582062503750e+15,1.741634687760063934e+10,9.373099276723350733e+19
1.262999999999988924e-05,3.322657914131930351e+09,9.256269326125650739e+19,1.330989896404898500e+15,1.696901345378437042e+10,9.256402427144457421e+19
1.263999999999988914e-05,3.237569943907559872e+09,9.141299765084017459e+19,1.305641883710882750e+15,1.653420260971793747e+10,9.141430331249567334e+19
1.264999999999988905e-05,3.154855328433777809e+09,9.028025186886515098e+19,1.280835338918269750e+15,1.611153429547874832e+10,9.028153272347045069e+19
1.265999999999988895e-05,3.074442305999874592e+09,8.916416462314969498e+19,1.256557403421809250e+15,1.570064090107911110e+10,8.916542119932819866e+19
1.266999999999988886e-05,2.996261455631371975e+09,8.806445035304340685e+19,1.232795555142596250e+15,1.530116681955612183e+10,8.806568316689596416e+19
1.267999999999988876e-05,2.920245615130538464e+09,8.698082910261747712e+19,1.209537598905994500e+15,1.491276802644462776e+10,8.698203865804939264e+19
1.268999999999988867e-05,2.846329802181492805e+09,8.591302639694872576e+19,1.186771657117372500e+15,1.453511167497810745e+10,8.591421318598728090e+19
1.269999999999988857e-05,2.774451138399765491e+09,8.486077312143156838e+19,1.164486160726114000e+15,1.416787570639463806e+10,8.486193762453463040e+19
1.270999999999988847e-05,2.704548776208067417e+09,8.382380540401754112e+19,1.142669840468120250e+15,1.381074847474839973e+10,8.382494809037330842e+19
1.271999999999988838e-05,2.636563828427603245e+09,8.280186450032879206e+19,1.121311718377655625e+15,1.346342838565235138e+10,8.280298582814715085e+19
1.272999999999988828e-05,2.570439300476409912e+09,8.179469668154294272e+19,1.100401099559541250e+15,1.312562354840351486e+10,8.179579709833854976e+19
1.273999999999988819e-05,2.506120025073581219e+09,8.080205312499983974e+19,1.079927564213311000e+15,1.279705144096364021e+10,8.080313306786720973e+19
1.274999999999988809e-05,2.443552599349757671e+09,7.982368980744059290e+19,1.059880959900737500e+15,1.247743858728998566e+10,7.982474970332148531e+19
1.275999999999988800e-05,2.382685324269914627e+09,7.885936740082393088e+19,1.040251394049096750e+15,1.216652024653321457e+10,7.886040766676718387e+19
1.276999999999988790e-05,2.323468146278642178e+09,7.790885117064128102e+19,1.021029226682081250e+15,1.186404011363814163e+10,7.790987221405546906e+19
1.277999999999988780e-05,2.265852601079897404e+09,7.697191087666844467e+19,1.002205063371232875e+15,1.156975003090232277e+10,7.697291309556742554e+19
1.278999999999988771e-05,2.209791759469821930e+09,7.604832067609662259e+19,9.837697484005258750e+14,1.128340971006730270e+10,7.604930445933823590e+19
1.279999999999988761e-05,2.155240175141579151e+09,7.513785902896970138e+19,9.657143581371770000e+14,1.100478646453252220e+10,7.513882475648786432e+19
1.280999999999988752e-05,2.102153834386384726e+09,7.424030860587610931e+19,9.480301946021172500e+14,1.073365495130108452e+10,7.424125664890650624e+19
1.281999999999988742e-05,2.050490107617722511e+09,7.335545619783401472e+19,9.307087792334932500e+14,1.046979692228053284e+10,7.335638691913353626e+19
1.282999999999988733e-05,2.000207702647854328e+09,7.248309262831022899e+19,9.137418468370495000e+14,1.021300098457876587e+10,7.248400638237027533e+19
1.283999999999988723e-05,1.951266619649863958e+09,7.162301266732783206e+19,8.971213397174046250e+14,9.963062369448877335e+09,7.162390980058188186e+19
1.284999999999988713e-05,1.903628107739971876e+09,7.077501494758809600e+19,8.808394019842838750e+14,9.719782709551496506e+09,7.077589579861349171e+19
1.285999999999988704e-05,1.857254623118783236e+09,6.993890188258383462e+19,8.648883740282297500e+14,9.482969824215936661e+09,6.993976678229808742e+19
1.286999999999988694e-05,1.812109788711285353e+09,6.911447958662275891e+19,8.492607871602432500e+14,9.252437512395345688e+09,6.911532885847447142e+19
1.287999999999988685e-05,1.768158355248870850e+09,6.830155779673333760e+19,8.339493584101965000e+14,9.028005353021709442e+09,6.830239175688790835e+19
1.288999999999988675e-05,1.725366163738721132e+09,6.749994979639952179e+19,8.189469854789756250e+14,8.809498512481344223e+09,6.750076875391986074e+19
1.289999999999988665e-05,1.683700109267369032e+09,6.670947234106731725e+19,8.042467418393443750e+14,8.596747558938741684e+09,6.671027659808960512e+19
1.290999999999988656e-05,1.643128106088624239e+09,6.592994558539703910e+19,7.898418719809495000e+14,8.389588283251231194e+09,6.593073543730173542e+19
1.291999999999988646e-05,1.603619053947063684e+09,6.516119301219718758e+19,7.757257867948151250e+14,8.187861526225207329e+09,6.516196874777545933e+19
1.292999999999988637e-05,1.565142805590456724e+09,6.440304136301122355e+19,7.618920590929682500e+14,7.991413011975232124e+09,6.440380326462686822e+19
1.293999999999988627e-05,1.527670135426838636e+09,6.365532057030962381e+19,7.483344192589058750e+14,7.800093187156539917e+09,6.365606891405664256e+19
1.294999999999988618e-05,1.491172709282931805e+09,6.291786369124796826e+19,7.350467510248135000e+14,7.613757065851115227e+09,6.291859874710392832e+19
1.295999999999988608e-05,1.455623055222983599e+09,6.219050684294707610e+19,7.220230873715108750e+14,7.432264079895836830e+09,6.219122887492233626e+19
1.296999999999988598e-05,1.420994535388391733e+09,6.147308913926699418e+19,7.092576065473817500e+14,7.255477934449151993e+09,6.147379840555000627e+19
1.297999999999988589e-05,1.387261318820120335e+09,6.076545262902560358e+19,6.967446282024387500e+14,7.083266468602542877e+09,6.076614938212433101e+19
1.298999999999988579e-05,1.354398355227474928e+09,6.006744223563422925e+19,6.844786096340670000e+14,6.915501520847831726e+09,6.006812672251376435e+19
1.299999999999988570e-05,1.322381349667943001e+09,5.937890569810934170e+19,6.724541421408502500e+14,6.752058799221549988e+09,5.937957816032592691e+19
1.300999999999988560e-05,1.291186738104841948e+09,5.869969351343104819e+19,6.606659474812527500e+14,6.592817755953067780e+09,5.870035418726253363e+19
1.301999999999988551e-05,1.260791663809984446e+09,5.802965888021061632e+19,6.491088744338000000e+14,6.437661466450353622e+09,5.803030799678350131e+19
1.302999999999988541e-05,1.231173954580501795e+09,5.736865764363239424e+19,6.377778954556655000e+14,6.286476512463556290e+09,5.736929542904550195e+19
1.303999999999988531e-05,1.202312100739904881e+09,5.671654824164856627e+19,6.266681034366912500e+14,6.139152869273460388e+09,5.671717491709346611e+19
1.304999999999988522e-05,1.174185233894526720e+09,5.607319165238394061e+19,6.157747085457800000e+14,5.995583796756905556e+09,5.607380743426225766e+19
1.305999999999988512e-05,1.146773106418092728e+09,5.543845134272725811e+19,6.050930351669310000e+14,5.855665734187599182e+09,5.543905644276486144e+19
1.306999999999988503e-05,1.120056071637304783e+09,5.481219321807905587e+19,5.946185189221620000e+14,5.719298198636169434e+09,5.481278784343733862e+19
1.307999999999988493e-05,1.094015064693458557e+09,5.419428557322670899e+19,5.843467037785911250e+14,5.586383686838442802e+09,5.419486992661089485e+19
1.308999999999988484e-05,1.068631584055420160e+09,5.358459904431931392e+19,5.742732392372007500e+14,5.456827580405793190e+09,5.358517332408401101e+19
1.309999999999988474e-05,1.043887673660071373e+09,5.298300656191403622e+19,5.643938776007538750e+14,5.330538054256891251e+09,5.298357096216606310e+19
1.310999999999988464e-05,1.019765905658008218e+09,5.238938330507018240e+19,5.547044713184596250e+14,5.207425988154043198e+09,5.238993801576869069e+19
1.311999999999988455e-05,9.962493637423589230e+08,5.180360665646524826e+19,5.452009704051004375e+14,5.087404881232280731e+09,5.180415186351930573e+19
1.312999999999988445e-05,9.733216270398381948e+08,5.122555615850563174e+19,5.358794199323165000e+14,4.970390769413704872e+09,5.122609204386927411e+19
1.313999999999988436e-05,9.509667545439008474e+08,5.065511347040724582e+19,5.267359575899061250e+14,4.856302145602919579e+09,5.065564021217210368e+19
1.314999999999988426e-05,9.291692700704638958e+08,5.009216232622929510e+19,5.177668113150628125e+14,4.745059882564637184e+09,5.009268009871483699e+19
1.315999999999988417e-05,9.079141477177474499e+08,4.953658849382823526e+19,5.089682969874260000e+14,4.636587158387003899e+09,4.953709746766972518e+19
1.316999999999988407e-05,8.871867978119616508e+08,4.898827973471887360e+19,5.003368161880771250e+14,4.530809384438660622e+09,4.898878007695305114e+19
1.317999999999988397e-05,8.669730533217480183e+08,4.844712576481308672e+19,4.918688540204956875e+14,4.427654135730881691e+09,4.844761763896173363e+19
1.318999999999988388e-05,8.472591567248215675e+08,4.791301821602080358e+19,4.835609769916452500e+14,4.327051083598980904e+09,4.791350178217209856e+19
1.319999999999988378e-05,8.280317473105179071e+08,4.738585059868823552e+19,4.754098309514275000e+14,4.228931930621228218e+09,4.738632601357615104e+19
1.320999999999988369e-05,8.092778489030934572e+08,4.686551826485953331e+19,4.674121390887514375e+14,4.133230347696133137e+09,4.686598568194113536e+19
1.321999999999988359e-05,7.909848579908229113e+08,4.635191837232928358e+19,4.595646999825043125e+14,4.039881913201443195e+09,4.635237794186013901e+19
1.322999999999988350e-05,7.731405322466666698e+08,4.584494984948651622e+19,4.518643857059023750e+14,3.948824054162303925e+09,4.584540171859419136e+19
1.323999999999988340e-05,7.557329794267557859e+08,4.534451336091222016e+19,4.443081399825248125e+14,3.859995989357496262e+09,4.534495767366793626e+19
1.324999999999988330e-05,7.387506466333265305e+08,4.485051127372301107e+19,4.368929763925947500e+14,3.773338674295882702e+09,4.485094817121149747e+19
1.325999999999988321e-05,7.221823099297188520e+08,4.436284762464224870e+19,4.296159766280085000e+14,3.688794747997952461e+09,4.436327724502985114e+19
1.326999999999988311e-05,7.060170642946844101e+08,4.388142808777834496e+19,4.224742887946660625e+14,3.606308481519058228e+09,4.388185056637946266e+19
1.327999999999988302e-05,6.902443139045976400e+08,4.340615994309648384e+19,4.154651257607551875e+14,3.525825728154044151e+09,4.340657541243831091e+19
1.328999999999988292e-05,6.748537627319719791e+08,4.293695204556323226e+19,4.085857635495872500e+14,3.447293875264521599e+09,4.293736063544893440e+19
1.329999999999988283e-05,6.598354054493684769e+08,4.247371479495608730e+19,4.018335397757998125e+14,3.370661797672924519e+09,4.247411663252635648e+19
1.330999999999988273e-05,6.451795186281801462e+08,4.201636010631255654e+19,3.952058521235199375e+14,3.295879812568737984e+09,4.201675531610574029e+19
1.331999999999988263e-05,6.308766522220574617e+08,4.156480138101031731e+19,3.887001568653852500e+14,3.222899635874850273e+09,4.156519008502095053e+19
1.332999999999988254e-05,6.169176213252192736e+08,4.111895347846331597e+19,3.823139674212042500e+14,3.151674340023919106e+09,4.111933579619932570e+19
1.333999999999988244e-05,6.032934981961884499e+08,4.067873268841564570e+19,3.760448529550937500e+14,3.082158313095897198e+09,4.067910873695404851e+19
1.334999999999988235e-05,5.899956045378388166e+08,4.024405670382238106e+19,3.698904370100151875e+14,3.014307219270380497e+09,4.024442659786369434e+19
1.335999999999988225e-05,5.770155040250626802e+08,3.981484459430522880e+19,3.638483961786147500e+14,2.948077960548553467e+09,3.981520844622649754e+19
1.336999999999988216e-05,5.643449950714651346e+08,3.939101678016297370e+19,3.579164588093140000e+14,2.883428639701392651e+09,3.939137470006956032e+19
1.337999999999988206e-05,5.519761038271276951e+08,3.897249500693275443e+19,3.520924037467028750e+14,2.820318524402477741e+09,3.897284710270879334e+19
1.338999999999988196e-05,5.399010773993939161e+08,3.855920232048245965e+19,3.463740591051751250e+14,2.758708012504956245e+09,3.855954869784017306e+19
1.339999999999988187e-05,5.281123772893002033e+08,3.815106304262513459e+19,3.407593010749060000e+14,2.698558598423813343e+09,3.815140380515287859e+19
1.340999999999988177e-05,5.166026730362175703e+08,3.774800274724344627e+19,3.352460527592518125e+14,2.639832840586246967e+09,3.774833799645264282e+19
1.341999999999988168e-05,5.053648360636924505e+08,3.734994823691013325e+19,3.298322830426616250e+14,2.582494329913645267e+09,3.735027807228103885e+19
1.342999999999988158e-05,4.943919337198199630e+08,3.695682751999618253e+19,3.245160054882413125e+14,2.526507659300869942e+09,3.695715203902257562e+19
1.343999999999988148e-05,4.836772235054326057e+08,3.656856978825555149e+19,3.192952772641615625e+14,2.471838394058814049e+09,3.656888908648833024e+19
1.344999999999988139e-05,4.732141474839826226e+08,3.618510539486935859e+19,3.141681980980326250e+14,2.418453043288166523e+09,3.618541956595912704e+19
1.345999999999988129e-05,4.629963268668312430e+08,3.580636583294972314e+19,3.091329092585275625e+14,2.366319032153045654e+09,3.580667496868829594e+19
1.346999999999988120e-05,4.530175567683177590e+08,3.543228371448310579e+19,3.041875925634546250e+14,2.315404675024583817e+09,3.543258790484409139e+19
1.347999999999988110e-05,4.432718011247583032e+08,3.506279274970775142e+19,2.993304694135255625e+14,2.265679149465059280e+09,3.506309208288611533e+19
1.348999999999988101e-05,4.337531877719596624e+08,3.469782772691571917e+19,2.945597998511335000e+14,2.217112471024987698e+09,3.469812228936643789e+19
1.349999999999988091e-05,4.244560036760928035e+08,3.433732449266765824e+19,2.898738816434196875e+14,2.169675468825956821e+09,3.433761436914343526e+19
1.350999999999988081e-05,4.153746903127051592e+08,3.398121993241362022e+19,2.852710493889613750e+14,2.123339761903058767e+09,3.398150520600172134e+19
1.351999999999988072e-05,4.065038391890440583e+08,3.362945195150790656e+19,2.807496736474220000e+14,2.078077736281957626e+09,3.362973270366613504e+19
1.352999999999988062e-05,3.978381875049458742e+08,3.328195945661120102e+19,2.763081600915202500e+14,2.033862522766238451e+09,3.328223576720298803e+19
1.353999999999988053e-05,3.893726139477307796e+08,3.293868233747069747e+19,2.719449486807195312e+14,1.990667975411570549e+09,3.293895428479942246e+19
1.354999999999988043e-05,3.811021346167299747e+08,3.259956144907013325e+19,2.676585128560149688e+14,1.948468650664213657e+09,3.259982910991255962e+19
1.355999999999988034e-05,3.730218990730895996e+08,3.226453859414002483e+19,2.634473587552528125e+14,1.907239787141925573e+09,3.226480204377904333e+19
1.356999999999988024e-05,3.651271865109117031e+08,3.193355650602247782e+19,2.593100244484082188e+14,1.866957286036309958e+09,3.193381581827901030e+19
1.357999999999988014e-05,3.574134020456032157e+08,3.160655883187974554e+19,2.552450791922800000e+14,1.827597692116267920e+09,3.160681407914394829e+19
1.358999999999988005e-05,3.498760731157451868e+08,3.128349011624200602e+19,2.512511227040575312e+14,1.789138175312927246e+09,3.128374136950372352e+19
1.359999999999987995e-05,3.425108459947032332e+08,3.096429578488491622e+19,2.473267844532806250e+14,1.751556512867095947e+09,3.096454311376343859e+19
1.360999999999987986e-05,3.353134824084782004e+08,3.064892212902943539e+19,2.434707229716234688e+14,1.714831072021009684e+09,3.064916560180255130e+19
1.361999999999987976e-05,3.282798562562786937e+08,3.033731628985729843e+19,2.396816251800911250e+14,1.678940793236657143e+09,3.033755597348969677e+19
1.362999999999987967e-05,3.214059504305808544e+08,3.002942624333740442e+19,2.359582057331081250e+14,1.643865173923695564e+09,3.002966220350840832e+19
1.363999999999987957e-05,3.146878537334377170e+08,2.972520078535214694e+19,2.322992063790584062e+14,1.609584252660489559e+09,2.972543308648279654e+19
1.364999999999987947e-05,3.081217578858461976e+08,2.942458951711873024e+19,2.287033953368186562e+14,1.576078593892281532e+09,2.942481822239826739e+19
1.365999999999987938e-05,3.017039546273768544e+08,2.912754283090229248e+19,2.251695666878825625e+14,1.543329273091338873e+09,2.912776800231401062e+19
1.366999999999987928e-05,2.954308329029397964e+08,2.883401189600841318e+19,2.216965397836106562e+14,1.511317862363987207e+09,2.883423359435494605e+19
1.367999999999987919e-05,2.892988761341093779e+08,2.854394864505457869e+19,2.182831586672487812e+14,1.480026416490483284e+09,2.854416692998257459e+19
1.368999999999987909e-05,2.833046595721441507e+08,2.825730576051049677e+19,2.149282915102736875e+14,1.449437459383636951e+09,2.825752069053475226e+19
1.369999999999987900e-05,2.774448477302123308e+08,2.797403666150458982e+19,2.116308300627106562e+14,1.419533970952996016e+09,2.797424829403163443e+19
1.370999999999987890e-05,2.717161918922062516e+08,2.769409549088703283e+19,2.083896891170514375e+14,1.390299374361614704e+09,2.769430388223816909e+19
1.371999999999987880e-05,2.661155276958112121e+08,2.741743710254854963e+19,2.052038059853773125e+14,1.361717523662844658e+09,2.741764230798237286e+19
1.372999999999987871e-05,2.606397727873970270e+08,2.714401704898593178e+19,2.020721399893748125e+14,1.333772691805244923e+09,2.714421912272033382e+19
1.373999999999987861e-05,2.552859245464958847e+08,2.687379156910943846e+19,1.989936719628825000e+14,1.306449558993848562e+09,2.687399056434313626e+19
1.374999999999987852e-05,2.500510578776600361e+08,2.660671757628840346e+19,1.959674037666316250e+14,1.279733201396521091e+09,2.660691354522195558e+19
1.375999999999987842e-05,2.449323230675989687e+08,2.634275264662865920e+19,1.929923578148694062e+14,1.253609080184625864e+09,2.634294564048501555e+19
1.376999999999987833e-05,2.399269437055088580e+08,2.608185500747686298e+19,1.900675766135502188e+14,1.228063030897299290e+09,2.608204507652146790e+19
1.377999999999987823e-05,2.350322146646282077e+08,2.582398352614830080e+19,1.871921223097768438e+14,1.203081253119374990e+09,2.582417071970872525e+19
1.378999999999987813e-05,2.302455001431201696e+08,2.556909769887014912e+19,1.843650762522113438e+14,1.178650300462966204e+09,2.556928206535529267e+19
1.379999999999987804e-05,2.255642317623784542e+08,2.531715763994044006e+19,1.815855385621645312e+14,1.154757070843235254e+09,2.531733922685932339e+19
1.380999999999987794e-05,2.209859067210306227e+08,2.506812407109264998e+19,1.788526277150657812e+14,1.131388797039247036e+09,2.506830292507274035e+19
1.381999999999987785e-05,2.165080860028486252e+08,2.482195831106662810e+19,1.761654801320760000e+14,1.108533037530894279e+09,2.482213447787180032e+19
1.382999999999987775e-05,2.121283926369090676e+08,2.457862226537834086e+19,1.735232497815475938e+14,1.086177667603389978e+09,2.457879578992642867e+19
1.383999999999987766e-05,2.078445100084172785e+08,2.433807841628438118e+19,1.709251077900916875e+14,1.064310870711008668e+09,2.433824934266432717e+19
1.384999999999987756e-05,2.036541802185498178e+08,2.410028981293922714e+19,1.683702420629905938e+14,1.042921130091987729e+09,2.410045818442786406e+19
1.385999999999987746e-05,1.995552024918900728e+08,2.386522006173872538e+19,1.658578569137346562e+14,1.021997220626885056e+09,2.386538592081719296e+19
1.386999999999987737e-05,1.955454316299265325e+08,2.363283331684778803e+19,1.633871727024174375e+14,1.001528200932857633e+09,2.363299670521756877e+19
1.387999999999987727e-05,1.916227765092144608e+08,2.340309427090699059e+19,1.609574254827898125e+14,9.815034056865406036e+08,2.340325522950560154e+19
1.388999999999987718e-05,1.877851986228433251e+08,2.317596814591557632e+19,1.585678666577254375e+14,9.619124381685913801e+08,2.317612671493193318e+19
1.389999999999987708e-05,1.840307106638506055e+08,2.295142068428577997e+19,1.562177626428938125e+14,9.427451630229909420e+08,2.295157690317519667e+19
1.390999999999987698e-05,1.803573751493427753e+08,2.272941814006730342e+19,1.539063945384326250e+14,9.239916992246148586e+08,2.272957204756619264e+19
1.391999999999987689e-05,1.767633030840421617e+08,2.250992727033461146e+19,1.516330578084024688e+14,9.056424132486294508e+08,2.251007890447482470e+19
1.392999999999987679e-05,1.732466526620613337e+08,2.229291532673814938e+19,1.493970619678324688e+14,8.876879124355890751e+08,2.229306472486105498e+19
1.393999999999987670e-05,1.698056280057595968e+08,2.207835004721144627e+19,1.471977302771684375e+14,8.701190385462990999e+08,2.207849724598164275e+19
1.394999999999987660e-05,1.664384779405660331e+08,2.186619964783619277e+19,1.450343994439170000e+14,8.529268615005943775e+08,2.186634468325500109e+19
1.395999999999987651e-05,1.631434948046259284e+08,2.165643281485559398e+19,1.429064193313220938e+14,8.361026732945475578e+08,2.165657572227417293e+19
1.396999999999987641e-05,1.599190132922767997e+08,2.144901869684037632e+19,1.408131526738838125e+14,8.196379820906215906e+08,2.144915951097260851e+19
1.397999999999987631e-05,1.567634093302940130e+08,2.124392689699637248e+19,1.387539747995520781e+14,8.035245064755874872e+08,2.124406565193145958e+19
1.398999999999987622e-05,1.536750989859384894e+08,2.104112746561798144e+19,1.367282733584115469e+14,7.877541698811087608e+08,2.104126419483276902e+19
1.399999999999987612e-05,1.506525374058404863e+08,2.084059089267970867e+19,1.347354480577256562e+14,7.723190951621410847e+08,2.084072562905073254e+19
1.400999999999987603e-05,1.476942177847914696e+08,2.064228810056480358e+19,1.327749104031407500e+14,7.572115993283336163e+08,2.064242087638011085e+19
1.401999999999987593e-05,1.447986703635568917e+08,2.044619043692840141e+19,1.308460834459205156e+14,7.424241884239149094e+08,2.044632128389906842e+19
1.402999999999987584e-05,1.419644614548359215e+08,2.025226966769209754e+19,1.289484015360585000e+14,7.279495525515406132e+08,2.025239861696354714e+19
1.403999999999987574e-05,1.391901924965207875e+08,2.006049797016594432e+19,1.270813100811040938e+14,7.137805610358604193e+08,2.006062505232899686e+19
1.404999999999987564e-05,1.364744991314704418e+08,1.987084792629796045e+19,1.252442653105801875e+14,6.999102577226258516e+08,1.987097317139965952e+19
1.405999999999987555e-05,1.338160503129536957e+08,1.968329251604748698e+19,1.234367340458384844e+14,6.863318564092271328e+08,1.968341595360167936e+19
1.406999999999987545e-05,1.312135474350648075e+08,1.949780511087651226e+19,1.216581934752209219e+14,6.730387364028656483e+08,1.949792676987423949e+19
1.407999999999987536e-05,1.286657234873419553e+08,1.931435946736474522e+19,1.199081309343995156e+14,6.600244382025004625e+08,1.931447937628437299e+19
1.408999999999987526e-05,1.261713422328386754e+08,1.913292972093561242e+19,1.181860436917592031e+14,6.472826593009021282e+08,1.913304790775275930e+19
1.409999999999987517e-05,1.237291974090277702e+08,1.895349037969951539e+19,1.164914387387018750e+14,6.348072501032898426e+08,1.895360687189678899e+19
1.410999999999987507e-05,1.213381119508036673e+08,1.877601631840779469e+19,1.148238325847529688e+14,6.225922099591051340e+08,1.877613114298431078e+19
1.411999999999987497e-05,1.189969372349548340e+08,1.860048277251508224e+19,1.131827510573451719e+14,6.106316833035691977e+08,1.860059595599576678e+19
1.412999999999987488e-05,1.167045523454912305e+08,1.842686533235055616e+19,1.115677291061700781e+14,5.989199559058222771e+08,1.842697690079528755e+19
1.413999999999987478e-05,1.144598633591769636e+08,1.825513993739279565e+19,1.099783106119828281e+14,5.874514512204836607e+08,1.825524991640532173e+19
1.414999999999987469e-05,1.122618026507191211e+08,1.808528287064839578e+19,1.084140481997497031e+14,5.762207268396314383e+08,1.808539128538507878e+19
1.415999999999987459e-05,1.101093282170110345e+08,1.791727075313087488e+19,1.068745030560337031e+14,5.652224710422619581e+08,1.791737762830926234e+19
1.416999999999987450e-05,1.080014230198772252e+08,1.775108053843886694e+19,1.053592447505131406e+14,5.544514994383383989e+08,1.775118589834607002e+19
1.417999999999987440e-05,1.059370943468020260e+08,1.758668950743190323e+19,1.038678510615368594e+14,5.439027517047555447e+08,1.758679337593280512e+19
1.418999999999987430e-05,1.039153731890851408e+08,1.742407526299944346e+19,1.023999078056072656e+14,5.335712884104558825e+08,1.742417766354473574e+19
1.419999999999987421e-05,1.019353136369518340e+08,1.726321572492510618e+19,1.009550086707077500e+14,5.234522879281706214e+08,1.726331668055916339e+19
1.420999999999987411e-05,9.999599229110306501e+07,1.710408912484070605e+19,9.953275505337617188e+13,5.135410434302492738e+08,1.710418865820929434e+19
1.421999999999987402e-05,9.809650769025534391e+07,1.694667400127067955e+19,9.813275589942467188e+13,5.038329599661428928e+08,1.694677213462850970e+19
1.422999999999987392e-05,9.623597975416861475e+07,1.679094919476399309e+19,9.675462754824085938e+13,4.943235516191949248e+08,1.679104594998210150e+19
1.423999999999987383e-05,9.441354924176426232e+07,1.663689384311194419e+19,9.539799358055009375e+13,4.850084387404401898e+08,1.663698924168494694e+19
1.424999999999987373e-05,9.262837722386634350e+07,1.648448737665110016e+19,9.406248466959545312e+13,4.758833452572096586e+08,1.648458143970428314e+19
1.425999999999987363e-05,9.087964457015657425e+07,1.633370951364763443e+19,9.274773843561329688e+13,4.669440960543609262e+08,1.633380226194389402e+19
1.426999999999987354e-05,8.916655144993907213e+07,1.618454025576438170e+19,9.145339930355707812e+13,4.581866144261057973e+08,1.618463170971103846e+19
1.427999999999987344e-05,8.748831684631788731e+07,1.603695988360607130e+19,9.017911836396829688e+13,4.496069195963418484e+08,1.603705006326153216e+19
1.428999999999987335e-05,8.584417808339226246e+07,1.589094895234377523e+19,8.892455323694120312e+13,4.412011243056100011e+08,1.589103787742405632e+19
1.429999999999987325e-05,8.423339036612738669e+07,1.574648828741436006e+19,8.768936793908371875e+13,4.329654324626967907e+08,1.574657597729949901e+19
1.430999999999987316e-05,8.265522633250710368e+07,1.560355898029703987e+19,8.647323275342307812e+13,4.248961368591077328e+08,1.560364545403734426e+19
1.431999999999987306e-05,8.110897561764888465e+07,1.546214238436154982e+19,8.527582410217451562e+13,4.169896169445853829e+08,1.546222766068374938e+19
1.432999999999987296e-05,7.959394442951090634e+07,1.532222011078886605e+19,8.409682442230871875e+13,4.092423366619374156e+08,1.532230420810212352e+19
1.433999999999987287e-05,7.810945513590295613e+07,1.518377402456486093e+19,8.293592204385320312e+13,4.016508423395306468e+08,1.518385696096666419e+19
1.434999999999987277e-05,7.665484586244052649e+07,1.504678624053949030e+19,8.179281107086050000e+13,3.942117606397848725e+08,1.504686803382142771e+19
1.435999999999987268e-05,7.522947010115882754e+07,1.491123911955793715e+19,8.066719126497720312e+13,3.869217965620821118e+08,1.491131978721135411e+19
1.436999999999987258e-05,7.383269632948730886e+07,1.477711526465595802e+19,7.955876793156195312e+13,3.797777314985958338e+08,1.477719482387749888e+19
1.437999999999987248e-05,7.246390763928094506e+07,1.464439751732203110e+19,7.846725180828220312e+13,3.727764213415091038e+08,1.464447598501908070e+19
1.438999999999987239e-05,7.112250137562537193e+07,1.451306895382326886e+19,7.739235895613675000e+13,3.659147946402027607e+08,1.451314634661926298e+19
1.439999999999987229e-05,6.980788878516316414e+07,1.438311288159443354e+19,7.633381065284696875e+13,3.591898508070093393e+08,1.438318921583408538e+19
1.440999999999987220e-05,6.851949467364880443e+07,1.425451283568963584e+19,7.529133328856106250e+13,3.525986583701605797e+08,1.425458812744404173e+19
1.441999999999987210e-05,6.725675707249477506e+07,1.412725257529274573e+19,7.426465826381001562e+13,3.461383532726242542e+08,1.412732684036440474e+19
1.442999999999987201e-05,6.601912691404045373e+07,1.400131608028990259e+19,7.325352188968123438e+13,3.398061372155414820e+08,1.400138933421761741e+19
1.443999999999987191e-05,6.480606771532672644e+07,1.387668754789839667e+19,7.225766529013353125e+13,3.335992760450273752e+08,1.387675980596209254e+19
1.444999999999987181e-05,6.361705527010249346e+07,1.375335138935390822e+19,7.127683430642640625e+13,3.275150981811302304e+08,1.375342266657934541e+19
1.445999999999987172e-05,6.245157734887944907e+07,1.363129222665373286e+19,7.031077940359720312e+13,3.215509930877661109e+08,1.363136253781713920e+19
1.446999999999987162e-05,6.130913340677479655e+07,1.351049488935530906e+19,6.935925557894925781e+13,3.157044097825120687e+08,1.351056424898790195e+19
1.447999999999987153e-05,6.018923429894392192e+07,1.339094441142854861e+19,6.842202227250168750e+13,3.099728553851453066e+08,1.339101283382098330e+19
1.448999999999987143e-05,5.909140200339677185e+07,1.327262602816178790e+19,6.749884327935309375e+13,3.043538937038619518e+08,1.327269352736851149e+19
1.449999999999987134e-05,5.801516935098573565e+07,1.315552517311960064e+19,6.658948666391683594e+13,2.988451438581213951e+08,1.315559176296312422e+19
1.450999999999987124e-05,5.696007976237296313e+07,1.303962747515239424e+19,6.569372467598725000e+13,2.934442789371430278e+08,1.303969316922747494e+19
1.451999999999987114e-05,5.592568699177833647e+07,1.292491875545462579e+19,6.481133366858928906e+13,2.881490246930351257e+08,1.292498356713236890e+19
1.452999999999987105e-05,5.491155487733916938e+07,1.281138502467468083e+19,6.394209401757709375e+13,2.829571582676330805e+08,1.281144896710656819e+19
1.453999999999987095e-05,5.391725709788088500e+07,1.269901248007102669e+19,6.308579004293232812e+13,2.778665069521156549e+08,1.269907556619285299e+19
1.454999999999987086e-05,5.294237693593337387e+07,1.258778750271729050e+19,6.224220993173755469e+13,2.728749469784992933e+08,1.258784974525304013e+19
1.455999999999987076e-05,5.198650704682713747e+07,1.247769665475305062e+19,6.141114566276988281e+13,2.679804023421486616e+08,1.247775806621868032e+19
1.456999999999987067e-05,5.104924923369320482e+07,1.236872667668106854e+19,6.059239293269168750e+13,2.631808436544501483e+08,1.236878726938823066e+19
1.457999999999987057e-05,5.013021422821491212e+07,1.226086448470909338e+19,5.978575108379281250e+13,2.584742870248341560e+08,1.226092427076878131e+19
1.458999999999987047e-05,4.922902147696992010e+07,1.215409716813524582e+19,5.899102303325548438e+13,2.538587929713373780e+08,1.215415615946136576e+19
1.459999999999987038e-05,4.834529893321653455e+07,1.204841198677841715e+19,5.820801520390331250e+13,2.493324653589589298e+08,1.204847019509129830e+19
1.460999999999987028e-05,4.747868285397343338e+07,1.194379636844869018e+19,5.743653745640127344e+13,2.448934503650180101e+08,1.194385380527851930e+19
1.461999999999987019e-05,4.662881760224818438e+07,1.184023790646189261e+19,5.667640302287721094e+13,2.405399354708197713e+08,1.184029458315208499e+19
1.462999999999987009e-05,4.579535545427920669e+07,1.173772435719328563e+19,5.592742844192696094e+13,2.362701484788931906e+08,1.173778028490379264e+19
1.463999999999987000e-05,4.497795641165982187e+07,1.163624363767290470e+19,5.518943349498017188e+13,2.320823565551358461e+08,1.163629882738345984e+19
1.464999999999986990e-05,4.417628801820269972e+07,1.153578382321875763e+19,5.446224114398530469e+13,2.279748652951686978e+08,1.153583828573205299e+19
1.465999999999986980e-05,4.339002518142731488e+07,1.143633314511074304e+19,5.374567747039478125e+13,2.239460178142746687e+08,1.143638689105555046e+19
1.466999999999986971e-05,4.261884999854256213e+07,1.133787998830113997e+19,5.303957161541640625e+13,2.199941938602820635e+08,1.133793302813536870e+19
1.467999999999986961e-05,4.186245158680238575e+07,1.124041288916273357e+19,5.234375572149880469e+13,2.161178089487639666e+08,1.124046523317643469e+19
1.468999999999986952e-05,4.112052591812710464e+07,1.114392053327451955e+19,5.165806487503472656e+13,2.123153135199836195e+08,1.114397219159283098e+19
1.469999999999986942e-05,4.039277565785852820e+07,1.104839175324232704e+19,5.098233705023985156e+13,2.085851921169804335e+08,1.104844273582835507e+19
1.470999999999986933e-05,3.967891000756385177e+07,1.095381552655555789e+19,5.031641305419542188e+13,2.049259625842531621e+08,1.095386584321321779e+19
1.471999999999986923e-05,3.897864455175606161e+07,1.086018097347861709e+19,4.966013647301892969e+13,2.013361752864789665e+08,1.086023063385540608e+19
1.472999999999986913e-05,3.829170110844351351e+07,1.076747735497587917e+19,4.901335361914182031e+13,1.978144123467441201e+08,1.076752636856560435e+19
1.473999999999986904e-05,3.761780758340274543e+07,1.067569407067146650e+19,4.837591347967066406e+13,1.943592869037663937e+08,1.067574244681692365e+19
1.474999999999986894e-05,3.695669782807048410e+07,1.058482065684025139e+19,4.774766766580260938e+13,1.909694423876055777e+08,1.058486840473584230e+19
1.475999999999986885e-05,3.630811150097155571e+07,1.049484678443299840e+19,4.712847036328136719e+13,1.876435518133773208e+08,1.049489391312731546e+19
1.476999999999986875e-05,3.567179393257404119e+07,1.040576225713159373e+19,4.651817828386022656e+13,1.843803170924949944e+08,1.040580877552992870e+19
1.477999999999986866e-05,3.504749599349712580e+07,1.031755700943693414e+19,4.591665061775565625e+13,1.811784683609662354e+08,1.031760292630377677e+19
1.478999999999986856e-05,3.443497396597030759e+07,1.023022110478662861e+19,4.532374898707099219e+13,1.780367633243224621e+08,1.023026642874808730e+19
1.479999999999986846e-05,3.383398941846993566e+07,1.014374473370278707e+19,4.473933740016410156e+13,1.749539866187103093e+08,1.014378947324897690e+19
1.480999999999986837e-05,3.324430908343897387e+07,1.005811821197014426e+19,4.416328220694285156e+13,1.719289491877471507e+08,1.005816237545752576e+19
1.481999999999986827e-05,3.266570473801926151e+07,9.973331978842066944e+18,4.359545205506480469e+13,1.689604876747286022e+08,9.973375574495748096e+18
1.482999999999986818e-05,3.209795308771212772e+07,9.889376595276525568e+18,4.303571784702584375e+13,1.660474638297583461e+08,9.889419631192518656e+18
1.483999999999986808e-05,3.154083565289177001e+07,9.806242742198806528e+18,4.248395269811010156e+13,1.631887639314461648e+08,9.806285226346233856e+18
1.484999999999986798e-05,3.099413865809695050e+07,9.723921218792366080e+18,4.194003189519336719e+13,1.603832982227768004e+08,9.723963159015639040e+18
1.485999999999986789e-05,3.045765292403082177e+07,9.642402940817276928e+18,4.140383285637321094e+13,1.576300003607785702e+08,9.642444344838221824e+18
1.486999999999986779e-05,2.993117376219928265e+07,9.561678938953940992e+18,4.087523509140935938e+13,1.549278268796433210e+08,9.561719814373890048e+18
1.487999999999986770e-05,2.941450087211278826e+07,9.481740357174378496e+18,4.035412016296117188e+13,1.522757566669435799e+08,9.481780711476232192e+18
1.488999999999986760e-05,2.890743824099407345e+07,9.402578451138414592e+18,3.984037164859889062e+13,1.496727904526053369e+08,9.402618291688642560e+18
1.489999999999986751e-05,2.840979404592210799e+07,9.324184586614743040e+18,3.933387510357615625e+13,1.471179503103140593e+08,9.324223920665374720e+18
1.490999999999986741e-05,2.792138055835155025e+07,9.246550237928257536e+18,3.883451802434639844e+13,1.446102791710272729e+08,9.246589072618811392e+18
1.491999999999986731e-05,2.744201405094200000e+07,9.169666986429703168e+18,3.834218981280563281e+13,1.421488403482817113e+08,9.169705328789106688e+18
1.492999999999986722e-05,2.697151470664691925e+07,9.093526518991110144e+18,3.785678174124902344e+13,1.397327170749976933e+08,9.093564375939555328e+18
1.493999999999986712e-05,2.650970652999405563e+07,9.018120626523777024e+18,3.737818691802211719e+13,1.373610120514775515e+08,9.018158004874565632e+18
1.494999999999986703e-05,2.605641726050794870e+07,8.943441202519393280e+18,3.690630025385451562e+13,1.350328470043129623e+08,8.943478108980737024e+18
1.495999999999986693e-05,2.561147828821745887e+07,8.869480241614538752e+18,3.644101842886347656e+13,1.327473622559320182e+08,8.869516682791325696e+18
1.496999999999986684e-05,2.517472457119366154e+07,8.796229838176470016e+18,3.598223986020456250e+13,1.305037163044936210e+08,8.796265820572008448e+18
1.497999999999986674e-05,2.474599455507020280e+07,8.723682184912043008e+18,3.552986467036817188e+13,1.283010854138862342e+08,8.723717714929760256e+18
1.498999999999986664e-05,2.432513009449264780e+07,8.651829571497479168e+18,3.508379465609739062e+13,1.261386632135616094e+08,8.651864655442598912e+18
1.499999999999986655e-05,2.391197637644608691e+07,8.580664383229322240e+18,3.464393325791708203e+13,1.240156603079499602e+08,8.580699027310508032e+18
1.500999999999986645e-05,2.350638184541885182e+07,8.510179099696542720e+18,3.421018553026787891e+13,1.219313038952300102e+08,8.510213310027510784e+18
1.501999999999986636e-05,2.310819813035160676e+07,8.440366293473090560e+18,3.378245811221973828e+13,1.198848373951940984e+08,8.440400076074195968e+18
1.502999999999986626e-05,2.271727997332634032e+07,8.371218628830330880e+18,3.336065919876405859e+13,1.178755200859942734e+08,8.371251989630123008e+18
1.503999999999986617e-05,2.233348515995434672e+07,8.302728860469908480e+18,3.294469851266798828e+13,1.159026267495433092e+08,8.302761805306656768e+18
1.504999999999986607e-05,2.195667445141681284e+07,8.234889832274716672e+18,3.253448727687488281e+13,1.139654473253390938e+08,8.234922366897914880e+18
1.505999999999986597e-05,2.158671151812092587e+07,8.167694476081002496e+18,3.212993818744930469e+13,1.120632865725165308e+08,8.167726606152840192e+18
1.506999999999986588e-05,2.122346287492417172e+07,8.101135810467614720e+18,3.173096538704325000e+13,1.101954637399101257e+08,8.101167541564421120e+18
1.507999999999986578e-05,2.086679781789472699e+07,8.035206939564400640e+18,3.133748443888437109e+13,1.083613122439279258e+08,8.035238277178067968e+18
1.508999999999986569e-05,2.051658836256445199e+07,7.969901051878493184e+18,3.094941230126375000e+13,1.065601793540392518e+08,7.969932001417871360e+18
1.509999999999986559e-05,2.017270918363827094e+07,7.905211419139264512e+18,3.056666730252430469e+13,1.047914258856898695e+08,7.905241985931531264e+18
1.510999999999986550e-05,1.983503755612577498e+07,7.841131395159890944e+18,3.018916911652973438e+13,1.030544259004542530e+08,7.841161584451896320e+18
1.511999999999986540e-05,1.950345329785451293e+07,7.777654414716665856e+18,2.981683873860963281e+13,1.013485664132433534e+08,7.777684231676256256e+18
1.512999999999986530e-05,1.917783871333691105e+07,7.714773992445021184e+18,2.944959846196801562e+13,9.967324710639914870e+07,7.714803442162333696e+18
1.513999999999986521e-05,1.885807853895302862e+07,7.652483721753136128e+18,2.908737185454905859e+13,9.802788005049300194e+07,7.652512809241876480e+18
1.514999999999986511e-05,1.854405988941454887e+07,7.590777273750437888e+18,2.873008373634503516e+13,9.641188943167074025e+07,7.590806003949129728e+18
1.515999999999986502e-05,1.823567220548463240e+07,7.529648396193782784e+18,2.837766015714337500e+13,9.482471128537687659e+07,7.529676773966999552e+18
1.516999999999986492e-05,1.793280720291818678e+07,7.469090912448857088e+18,2.803002837469998047e+13,9.326579323630294204e+07,7.469118942588431360e+18
1.517999999999986483e-05,1.763535882258930802e+07,7.409098720466535424e+18,2.768711683332946484e+13,9.173459424439898133e+07,7.409126407692739584e+18
1.518999999999986473e-05,1.734322318178538233e+07,7.349665791776124928e+18,2.734885514290817969e+13,9.023058435680855811e+07,7.349693140738841600e+18
1.519999999999986463e-05,1.705629852663031593e+07,7.290786170492444672e+18,2.701517405827569922e+13,8.875324446557024121e+07,7.290813185772312576e+18
1.520999999999986454e-05,1.677448518561371602e+07,7.232453972338223104e+18,2.668600545903115625e+13,8.730206607095310092e+07,7.232480658447758336e+18
1.521999999999986444e-05,1.649768552419788204e+07,7.174663383681239040e+18,2.636128232971403516e+13,8.587655105027867854e+07,7.174689745065943040e+18
1.522999999999986435e-05,1.622580390047587641e+07,7.117408660585569280e+18,2.604093874036185156e+13,8.447621143210047483e+07,7.117434701625012224e+18
1.523999999999986425e-05,1.595874662185395882e+07,7.060684127877001216e+18,2.572490982743728125e+13,8.310056917560675740e+07,7.060709852885888000e+18
1.524999999999986416e-05,1.569642190273655020e+07,7.004484178222643200e+18,2.541313177511832031e+13,8.174915595512181520e+07,7.004509591451864064e+18
1.525999999999986406e-05,1.543873982318422757e+07,6.948803271224008704e+18,2.510554179694134375e+13,8.042151294957265258e+07,6.948828376861666304e+18
1.526999999999986566e-05,1.518561228852529265e+07,6.893635932523094016e+18,2.480207811779115625e+13,7.911719063681097329e+07,6.893660734695515136e+18
1.527999999999986726e-05,1.493695298989607021e+07,6.838976752922914816e+18,2.450267995623402344e+13,7.783574859266313910e+07,6.839001255695643648e+18
1.528999999999986885e-05,1.469267736568691768e+07,6.784820387519729664e+18,2.420728750718068750e+13,7.657675529459716380e+07,6.784844594898505728e+18
1.529999999999987045e-05,1.445270256387101300e+07,6.731161554848749568e+18,2.391584192487747266e+13,7.533978792989157140e+07,6.731185470780467200e+18
1.530999999999987205e-05,1.421694740519874543e+07,6.677995036042404864e+18,2.362828530621749609e+13,7.412443220820005238e+07,6.678018664416052224e+18
1.531999999999987365e-05,1.398533234722995386e+07,6.625315674000896000e+18,2.334456067436465625e+13,7.293028217840199172e+07,6.625339018648486912e+18
1.532999999999987525e-05,1.375777944919101335e+07,6.573118372574932992e+18,2.306461196268539844e+13,7.175694004963606596e+07,6.573141437272410112e+18
1.533999999999987685e-05,1.353421233763105609e+07,6.521398095760604160e+18,2.278838399897997266e+13,7.060401601641722023e+07,6.521420884228741120e+18
1.534999999999987844e-05,1.331455617285945266e+07,6.470149866905883648e+18,2.251582249001103516e+13,6.947112808773551881e+07,6.470172382811158528e+18
1.535999999999988004e-05,1.309873761615023203e+07,6.419368767928585216e+18,2.224687400631858594e+13,6.835790192004354298e+07,6.419391014884048896e+18
1.536999999999988164e-05,1.288668479768668674e+07,6.369049938546400256e+18,2.198148596731950781e+13,6.726397065403360128e+07,6.369071920112518144e+18
1.537999999999988324e-05,1.267832728523602337e+07,6.319188575517430784e+18,2.171960662668405469e+13,6.618897475512441993e+07,6.319210295202924544e+18
1.538999999999988484e-05,1.247359605353198573e+07,6.269779931892157440e+18,2.146118505798495703e+13,6.513256185755175352e+07,6.269801393154821120e+18
1.539999999999988644e-05,1.227242345435020141e+07,6.220819316276189184e+18,2.120617114061198047e+13,6.409438661199337989e+07,6.220840522523697152e+18
1.540999999999988803e-05,1.207474318725936301e+07,6.172302092103846912e+18,2.095451554594757812e+13,6.307411053662931919e+07,6.172323046694542336e+18
1.541999999999988963e-05,1.188049027103186399e+07,6.124223676922047488e+18,2.070616972380004297e+13,6.207140187156821042e+07,6.124244383165723648e+18
1.542999999999989123e-05,1.168960101569861919e+07,6.076579541684822016e+18,2.046108588908562500e+13,6.108593543654657900e+07,6.076600002843487232e+18
1.543999999999989283e-05,1.150201299523230642e+07,6.029365210057688064e+18,2.021921700875737891e+13,6.011739249183306843e+07,6.029385429346315264e+18
1.544999999999989443e-05,1.131766502084375359e+07,5.982576257732609024e+18,1.998051678897522656e+13,5.916546060225575417e+07,5.982596238319881216e+18
1.545999999999989603e-05,1.113649711487768590e+07,5.936208311752195072e+18,1.974493966251213281e+13,5.822983350428027660e+07,5.936228056761223168e+18
1.546999999999989762e-05,1.095845048529317230e+07,5.890257049844035584e+18,1.951244077639057812e+13,5.731021097606422007e+07,5.890276562353081344e+18
1.547999999999989922e-05,1.078346750071456470e+07,5.844718199764528128e+18,1.928297597974815234e+13,5.640629871042076498e+07,5.844737482807697408e+18
1.548999999999990082e-05,1.061149166604077071e+07,5.799587538652094464e+18,1.905650181192392188e+13,5.551780819061946124e+07,5.799606595220036608e+18
1.549999999999990242e-05,1.044246759859693982e+07,5.754860892389652480e+18,1.883297549076342188e+13,5.464445656895589083e+07,5.754879725430231040e+18
1.550999999999990402e-05,1.027634100481912866e+07,5.710534134976058368e+18,1.861235490113766797e+13,5.378596654803105444e+07,5.710552747395020800e+18
1.551999999999990562e-05,1.011305865745677799e+07,5.666603187907024896e+18,1.839459858367149219e+13,5.294206626466828585e+07,5.666621582568663040e+18
1.552999999999990721e-05,9.952568373281871900e+06,5.623064019564153856e+18,1.817966572367745312e+13,5.211248917641180009e+07,5.623082199291941888e+18
1.553999999999990881e-05,9.794818991293346509e+06,5.579912644613411840e+18,1.796751614029145312e+13,5.129697395054326206e+07,5.579930612190644224e+18
1.554999999999991041e-05,9.639760351403126493e+06,5.537145123411522560e+18,1.775811027580501953e+13,5.049526435555680841e+07,5.537162881581933568e+18
1.555999999999991201e-05,9.487343273595524952e+06,5.494757561421355008e+18,1.755140918519284180e+13,4.970710915503758937e+07,5.494775112889734144e+18
1.556999999999991361e-05,9.337519537545289844e+06,5.452746108634940416e+18,1.734737452582842578e+13,4.893226200388339907e+07,5.452763456067735552e+18
1.557999999999991521e-05,9.190241862688021734e+06,5.411106959005447168e+18,1.714596854738682617e+13,4.817048134681870043e+07,5.411124105031355392e+18
1.558999999999991680e-05,9.045463888727113605e+06,5.369836349886588928e+18,1.694715408193056055e+13,4.742153031914412975e+07,5.369853297097137152e+18
1.559999999999991840e-05,8.903140156572189182e+06,5.328930561480161280e+18,1.675089453417272656e+13,4.668517664967130870e+07,5.328947312430283776e+18
1.560999999999992000e-05,8.763226089694621041e+06,5.288385916291258368e+18,1.655715387191795898e+13,4.596119256579109281e+07,5.288402473499854848e+18
1.561999999999992160e-05,8.625677975893693045e+06,5.248198778591497216e+18,1.636589661667335352e+13,4.524935470062618703e+07,5.248215144541989888e+18
1.562999999999992320e-05,8.490452949462695047e+06,5.208365553889496064e+18,1.617708783443001367e+13,4.454944400221899897e+07,5.208381731030369280e+18
1.563999999999992480e-05,8.357508973743785173e+06,5.168882688408585216e+18,1.599069312660883008e+13,4.386124564470726252e+07,5.168898679153930240e+18
1.564999999999992639e-05,8.226804824066592380e+06,5.129746668572391424e+18,1.580667862116924023e+13,4.318454894144316763e+07,5.129762475302423552e+18
1.565999999999992799e-05,8.098300071057816967e+06,5.090954020497300480e+18,1.562501096387735742e+13,4.251914726000815630e+07,5.090969645558881280e+18
1.566999999999992959e-05,7.971955064315993339e+06,5.052501309491791872e+18,1.544565730972969922e+13,4.186483793908222765e+07,5.052516755198939136e+18
1.567999999999993119e-05,7.847730916440315545e+06,5.014385139563397120e+18,1.526858531453049609e+13,4.122142220712276548e+07,5.014400408197780480e+18
1.568999999999993279e-05,7.725589487409190275e+06,4.976602152931887104e+18,1.509376312661968164e+13,4.058870510281293094e+07,4.976617246743327744e+18
1.569999999999993439e-05,7.605493369295662269e+06,4.939149029549607936e+18,1.492115937874694531e+13,3.996649539723765105e+07,4.939163950756558848e+18
1.570999999999993598e-05,7.487405871316758916e+06,4.902022486628389888e+18,1.475074318009133594e+13,3.935460551774751395e+07,4.902037237418412032e+18
1.571999999999993758e-05,7.371291005204818211e+06,4.865219278172952576e+18,1.458248410842255469e+13,3.875285147347242385e+07,4.865233860703185920e+18
1.572999999999993918e-05,7.257113470897059888e+06,4.828736194520899584e+18,1.441635220240133203e+13,3.816105278244735301e+07,4.828750610918520832e+18
1.573999999999994078e-05,7.144838642533440143e+06,4.792570061889106944e+18,1.425231795401541602e+13,3.757903240031193197e+07,4.792584314251784192e+18
1.574999999999994238e-05,7.034432554757058620e+06,4.756717741926048768e+18,1.409035230115064258e+13,3.700661665054910630e+07,4.756731832322391040e+18
1.575999999999994398e-05,6.925861889309778810e+06,4.721176131270804480e+18,1.393042662029197461e+13,3.644363515622654557e+07,4.721190061740793856e+18
1.576999999999994557e-05,6.819093961917201988e+06,4.685942161117898752e+18,1.377251271935483789e+13,3.588992077320871502e+07,4.685955933673326592e+18
1.577999999999994717e-05,6.714096709453759715e+06,4.651012796787830784e+18,1.361658283064126367e+13,3.534530952480317652e+07,4.651026413412721664e+18
1.578999999999994877e-05,6.610838677386263385e+06,4.616385037304244224e+18,1.346260960392116406e+13,3.480964053781058639e+07,4.616398499955268608e+18
1.579999999999995037e-05,6.509289007483938709e+06,4.582055914976078848e+18,1.331056609963430664e+13,3.428275597994557023e+07,4.582069225582970368e+18
1.580999999999995197e-05,6.409417425793325529e+06,4.548022494986034176e+18,1.316042578221230078e+13,3.376450099859712273e+07,4.548035655451990016e+18
1.581999999999995357e-05,6.311194230870786123e+06,4.514281874984606208e+18,1.301216251351783984e+13,3.325472366090000048e+07,4.514294887186685952e+18
1.582999999999995516e-05,6.214590282264498994e+06,4.480831184689068032e+18,1.286575054639740820e+13,3.275327489508402348e+07,4.480844050478582272e+18
1.583999999999995676e-05,6.119576989244295284e+06,4.447667585488918016e+18,1.272116451834836523e+13,3.226000843307634443e+07,4.447680306691815936e+18
1.584999999999995836e-05,6.026126299770828336e+06,4.414788270055899648e+18,1.257837944529595117e+13,3.177478075432485715e+07,4.414800848473145856e+18
1.585999999999995996e-05,5.934210689698957838e+06,4.382190461959667200e+18,1.243737071547845508e+13,3.129745103081760183e+07,4.382202899367614464e+18
1.586999999999996156e-05,5.843803152212005109e+06,4.349871415288676352e+18,1.229811408343940820e+13,3.082788107327052951e+07,4.349883713439431680e+18
1.587999999999996316e-05,5.754877187478930689e+06,4.317828414276059136e+18,1.216058566412365625e+13,3.036593527845631912e+07,4.317840574897843712e+18
1.588999999999996475e-05,5.667406792531821877e+06,4.286058772930866176e+18,1.202476192707714062e+13,2.991148057765015960e+07,4.286070797728372224e+18
1.589999999999996635e-05,5.581366451357271522e+06,4.254559834673901056e+18,1.189061969074590625e+13,2.946438638616696745e+07,4.254571725328637440e+18
1.590999999999996795e-05,5.496731125197397545e+06,4.223328971978893824e+18,1.175813611687481836e+13,2.902452455396487191e+07,4.223340730149532160e+18
1.591999999999996955e-05,5.413476243055735715e+06,4.192363586018179584e+18,1.162728870500257812e+13,2.859176931729143858e+07,4.192375213340889600e+18
1.592999999999997115e-05,5.331577692403731868e+06,4.161661106313469440e+18,1.149805528705283008e+13,2.816599725135045499e+07,4.161672604402254336e+18
1.593999999999997275e-05,5.251011810082688928e+06,4.131218990390946304e+18,1.137041402201717188e+13,2.774708722396431491e+07,4.131230360837966848e+18
1.594999999999997434e-05,5.171755373397163115e+06,4.101034723441308160e+18,1.124434339073107617e+13,2.733492035021181777e+07,4.101045967817205760e+18
1.595999999999997594e-05,5.093785591396299191e+06,4.071105817984339968e+18,1.111982219073925195e+13,2.692937994801880792e+07,4.071116937838553600e+18
1.596999999999997754e-05,5.017080096336748451e+06,4.041429813537874944e+18,1.099682953124925000e+13,2.653035149468034133e+07,4.041440810398953472e+18
1.597999999999997914e-05,4.941616935326297767e+06,4.012004276291162624e+18,1.087534482817148438e+13,2.613772258429364488e+07,4.012015151667070464e+18
1.598999999999998074e-05,4.867374562141221948e+06,3.982826798782839808e+18,1.075534779924512500e+13,2.575138288608219847e+07,3.982837554161257984e+18
1.599999999999998234e-05,4.794331829215331934e+06,3.953894999582801920e+18,1.063681845924620703e+13,2.537122410359121859e+07,3.953905636431426560e+18
1.600999999999998393e-05,4.722467979796295054e+06,3.925206522978848256e+18,1.051973711527903125e+13,2.499713993473387137e+07,3.925217042745683456e+18
1.601999999999998553e-05,4.651762640265440568e+06,3.896759038667054080e+18,1.040408436214698438e+13,2.462902603267179430e+07,3.896769442780697088e+18
1.602999999999998713e-05,4.582195812617911957e+06,3.868550241446396928e+18,1.028984107780292773e+13,2.426677996750922501e+07,3.868560531316323840e+18
1.603999999999998873e-05,4.513747867098972201e+06,3.840577850917552640e+18,1.017698841887661133e+13,2.391030118878418580e+07,3.840588027934395904e+18
1.604999999999999033e-05,4.446399534993574023e+06,3.812839611185553920e+18,1.006550781627881250e+13,2.355949098873842880e+07,3.812849676721376256e+18
1.605999999999999193e-05,4.380131901565676555e+06,3.785333290566492160e+18,9.955380970879656250e+12,2.321425246635030955e+07,3.785343245975057408e+18
1.606999999999999352e-05,4.314926399143967777e+06,3.758056681298028032e+18,9.846589849260568359e+12,2.287449049211137742e+07,3.758066527915066880e+18
1.607999999999999512e-05,4.250764800350399688e+06,3.731007599253585920e+18,9.739116679537835938e+12,2.254011167353305966e+07,3.731017338397056512e+18
1.608999999999999672e-05,4.187629211469353177e+06,3.704183883660808192e+18,9.632943947257945312e+12,2.221102432136615366e+07,3.704193516631154176e+18
1.609999999999999832e-05,4.125502065953627229e+06,3.677583396823142912e+18,9.528054391360523438e+12,2.188713841651690379e+07,3.677592924903546880e+18
1.610999999999999992e-05,4.064366118064158130e+06,3.651204023845395968e+18,9.424431000211669922e+12,2.156836557764614373e+07,3.651213448302028800e+18
1.612000000000000152e-05,4.004204436641063541e+06,3.625043672362929664e+18,9.322057007701988281e+12,2.125461902943465114e+07,3.625052994445196288e+18
1.613000000000000311e-05,3.945000399002987891e+06,3.599100272274220032e+18,9.220915889412236328e+12,2.094581357150236517e+07,3.599109493215000576e+18
1.614000000000000471e-05,3.886737684971587732e+06,3.573371775477131776e+18,9.120991358842236328e+12,2.064186554796462879e+07,3.573380896493019136e+18
1.615000000000000631e-05,3.829400271019224543e+06,3.547856155608551936e+18,9.022267363703529297e+12,2.034269281761458144e+07,3.547865177900087808e+18
1.616000000000000791e-05,3.772972424535972998e+06,3.522551407787274240e+18,8.924728082274708984e+12,2.004821472471536696e+07,3.522560332539177984e+18
1.617000000000000951e-05,3.717438698214703240e+06,3.497455548360632320e+18,8.828357919816988281e+12,1.975835207039048523e+07,3.497464376742028288e+18
1.618000000000001111e-05,3.662783924550720025e+06,3.472566614654009344e+18,8.733141505050524414e+12,1.947302708459907770e+07,3.472575347818650112e+18
1.619000000000001270e-05,3.608993210453999694e+06,3.447882664723898368e+18,8.639063686689308594e+12,1.919216339868330956e+07,3.447891303810386432e+18
1.620000000000001430e-05,3.556051931971389335e+06,3.423401777113989632e+18,8.546109530033806641e+12,1.891568601847595721e+07,3.423410323245991424e+18
1.621000000000001590e-05,3.503945729116111994e+06,3.399122050614723584e+18,8.454264313621061523e+12,1.864352129795452952e+07,3.399130504901185024e+18
1.622000000000001750e-05,3.452660500802935567e+06,3.375041604025440768e+18,8.363513525929498047e+12,1.837559691343272477e+07,3.375049967560794624e+18
1.623000000000001910e-05,3.402182399886202533e+06,3.351158575920276480e+18,8.273842862140007812e+12,1.811184183827568218e+07,3.351166849784652800e+18
1.624000000000002070e-05,3.352497828298662789e+06,3.327471124416484352e+18,8.185238220949331055e+12,1.785218631812790409e+07,3.327479309675910144e+18
1.625000000000002229e-05,3.303593432288899086e+06,3.303977426946102272e+18,8.097685701437484375e+12,1.759656184664398804e+07,3.303985524652703744e+18
1.626000000000002389e-05,3.255456097755498253e+06,3.280675680030562816e+18,8.011171599986645508e+12,1.734490114171051979e+07,3.280683691222763008e+18
1.627000000000002549e-05,3.208072945675171446e+06,3.257564099057969664e+18,7.925682407250973633e+12,1.709713812214810029e+07,3.257572024760682496e+18
1.628000000000002709e-05,3.161431327624026220e+06,3.234640918063518208e+18,7.841204805176794922e+12,1.685320788488486409e+07,3.234648759288337920e+18
1.629000000000002869e-05,3.115518821388610639e+06,3.211904389512554496e+18,7.757725664071876953e+12,1.661304668259011768e+07,3.211912147257947136e+18
1.630000000000003028e-05,3.070323226665913127e+06,3.189352784086542848e+18,7.675232039722938477e+12,1.637659190175780468e+07,3.189360459338030080e+18
1.631000000000003188e-05,3.025832560849893838e+06,3.166984390471630336e+18,7.593711170561013672e+12,1.614378204123230278e+07,3.166991984201970688e+18
1.632000000000003348e-05,2.982035054902698845e+06,3.144797515150179328e+18,7.513150474872837891e+12,1.591455669116506726e+07,3.144805028319550464e+18
1.633000000000003508e-05,2.938919149308956694e+06,3.122790482194586112e+18,7.433537548059012695e+12,1.568885651239373535e+07,3.122797915750761984e+18
1.634000000000003668e-05,2.896473490111231338e+06,3.100961633064143360e+18,7.354860159935932617e+12,1.546662321623477899e+07,3.100968987942666240e+18
1.635000000000003828e-05,2.854686925025149714e+06,3.079309326404183552e+18,7.277106252083311523e+12,1.524779954468124732e+07,3.079316603528538624e+18
1.636000000000003987e-05,2.813548499632287771e+06,3.057831937848002560e+18,7.200263935234088867e+12,1.503232925099605322e+07,3.057839138129783808e+18
1.637000000000004147e-05,2.773047453648710623e+06,3.036527859821026816e+18,7.124321486707420898e+12,1.482015708069317974e+07,3.036534984160107008e+18
1.638000000000004307e-05,2.733173217269120272e+06,3.015395501347934720e+18,7.049267347883866211e+12,1.461122875289880671e+07,3.015402550632627200e+18
1.639000000000004467e-05,2.693915407582990825e+06,2.994433287861685760e+18,6.975090121721446289e+12,1.440549094208372198e+07,2.994440262968907264e+18
1.640000000000004627e-05,2.655263825062622316e+06,2.973639661015319552e+18,6.901778570311936523e+12,1.420289126015887409e+07,2.973646562810747904e+18
1.641000000000004787e-05,2.617208450121060945e+06,2.953013078496076800e+18,6.829321612477732422e+12,1.400337823892787471e+07,2.953019907834309632e+18
1.642000000000004946e-05,2.579739439738530200e+06,2.932552013841869824e+18,6.757708321407161133e+12,1.380690131288776547e+07,2.932558771566578176e+18
1.643000000000005106e-05,2.542847124155656900e+06,2.912254956259949056e+18,6.686927922328321289e+12,1.361341080237062648e+07,2.912261643204027392e+18
1.644000000000005266e-05,2.506522003632639069e+06,2.892120410447960064e+18,6.616969790220499023e+12,1.342285789701944962e+07,2.892127027433680384e+18
1.645000000000005426e-05,2.470754745272433851e+06,2.872146896417470464e+18,6.547823447563500000e+12,1.323519463959142566e+07,2.872153444256624128e+18
1.646000000000005586e-05,2.435536179906930309e+06,2.852332949319170048e+18,6.479478562121896484e+12,1.305037391008080542e+07,2.852339428813218304e+18
1.647000000000005746e-05,2.400857299044585787e+06,2.832677119270885376e+18,6.411924944766799805e+12,1.286834941015604883e+07,2.832683531211099136e+18
1.648000000000005905e-05,2.366709251878583338e+06,2.813177971187263488e+18,6.345152547331336914e+12,1.268907564790294133e+07,2.813184316354866176e+18
1.649000000000006065e-05,2.333083342353725806e+06,2.793834084611945984e+18,6.279151460501603516e+12,1.251250792286924832e+07,2.793840363778251776e+18
1.650000000000006225e-05,2.299971026291415561e+06,2.774644053551633920e+18,6.213911911741361328e+12,1.233860231140292063e+07,2.774650267478184448e+18
1.651000000000006385e-05,2.267363908571127336e+06,2.755606486312304128e+18,6.149424263249912109e+12,1.216731565227911249e+07,2.755612635751001600e+18
1.652000000000006545e-05,2.235253740367011633e+06,2.736720005337460224e+18,6.085679009953050781e+12,1.199860553260884248e+07,2.736726091030704128e+18
1.653000000000006705e-05,2.203632416439441498e+06,2.717983247048404480e+18,6.022666777526001953e+12,1.183243027402404882e+07,2.717989269729218048e+18
1.654000000000006864e-05,2.172491972478971351e+06,2.699394861686544896e+18,5.960378320448600586e+12,1.166874891913360171e+07,2.699400822078706688e+18
1.655000000000007024e-05,2.141824582502780482e+06,2.680953513157493248e+18,5.898804520090683594e+12,1.150752121824383736e+07,2.680959411975662592e+18
1.656000000000007184e-05,2.111622556302042212e+06,2.662657878877429760e+18,5.837936382829010742e+12,1.134870761633897759e+07,2.662663716827272704e+18
1.657000000000007344e-05,2.081878336938872468e+06,2.644506649620983296e+18,5.777765038193741211e+12,1.119226924031524360e+07,2.644512427399295488e+18
1.658000000000007504e-05,2.052584498292706907e+06,2.626498529371372544e+18,5.718281737044694336e+12,1.103816788646427728e+07,2.626504247666200576e+18
1.659000000000007664e-05,2.023733742654090747e+06,2.608632235172082688e+18,5.659477849776602539e+12,1.088636600820019096e+07,2.608637894662842368e+18
1.660000000000007823e-05,1.995318898365415400e+06,2.590906496980585472e+18,5.601344864552971680e+12,1.073682670402500592e+07,2.590912098338182144e+18
1.661000000000007983e-05,1.967332917507813545e+06,2.573320057523793408e+18,5.543874385567769531e+12,1.058951370572841540e+07,2.573325601410735616e+18
1.662000000000008143e-05,1.939768873632871546e+06,2.555871672155345408e+18,5.487058131335472656e+12,1.044439136681628972e+07,2.555877159225861120e+18
1.663000000000008303e-05,1.912619959538298659e+06,2.538560108714515456e+18,5.430887933007086914e+12,1.030142465116352960e+07,2.538565539614662656e+18
1.664000000000008463e-05,1.885879485086815199e+06,2.521384147387108864e+18,5.375355732714062500e+12,1.016057912188661657e+07,2.521389522754887680e+18
1.665000000000008623e-05,1.859540875067539047e+06,2.504342580567821312e+18,5.320453581937332031e+12,1.002182093043132499e+07,2.504347901033284608e+18
1.666000000000008782e-05,1.833597667098252801e+06,2.487434212724354560e+18,5.266173639903006836e+12,9.885116805871486664e+06,2.487439478909712896e+18
1.667000000000008942e-05,1.808043509568773909e+06,2.470657860263395328e+18,5.212508172003000977e+12,9.750434044414056465e+06,2.470663072783125504e+18
1.668000000000009102e-05,1.782872159623565385e+06,2.454012351397839360e+18,5.159449548240269531e+12,9.617740499106174335e+06,2.454017510858788352e+18
1.669000000000009262e-05,1.758077481183760101e+06,2.437496526016113664e+18,5.106990241699271484e+12,9.487004569741182029e+06,2.437501633017600512e+18
1.670000000000009422e-05,1.733653443006695947e+06,2.421109235552715264e+18,5.055122827039982422e+12,9.358195192957958207e+06,2.421114290686634496e+18
1.671000000000009582e-05,1.709594116783365142e+06,2.404849342860563968e+18,5.003839979015563477e+12,9.231281832530874759e+06,2.404854346711483904e+18
1.672000000000009741e-05,1.685893675272088032e+06,2.388715722084739072e+18,4.953134471013627930e+12,9.106234469846010208e+06,2.388720675230002688e+18
1.673000000000009901e-05,1.662546390468244674e+06,2.372707258537908736e+18,4.902999173620033203e+12,8.983023594559811056e+06,2.372712161547727872e+18
1.674000000000010061e-05,1.639546631808778737e+06,2.356822848577169920e+18,4.853427053205485352e+12,8.861620195436578244e+06,2.356827702014724096e+18
1.675000000000010221e-05,1.616888864411678165e+06,2.341061399482511360e+18,4.804411170534016602e+12,8.741995751361308619e+06,2.341066203904040448e+18
1.676000000000010381e-05,1.594567647348459577e+06,2.325421829336536064e+18,4.755944679393312500e+12,8.624122222524132580e+06,2.325426585291433984e+18
1.677000000000010541e-05,1.572577631950286683e+06,2.309903066905846272e+18,4.708020825246392578e+12,8.507972041772553697e+06,2.309907774936751616e+18
1.678000000000010700e-05,1.550913560146098491e+06,2.294504051523778048e+18,4.660632943904403320e+12,8.393518106129618362e+06,2.294508712166666240e+18
1.679000000000010860e-05,1.529570262832459295e+06,2.279223732974647040e+18,4.613774460219892578e+12,8.280733768472127616e+06,2.279228346758917632e+18
1.680000000000011020e-05,1.508542658274667338e+06,2.264061071379142400e+18,4.567438886800686523e+12,8.169592829368147999e+06,2.264065638827707392e+18
1.681000000000011180e-05,1.487825750538078370e+06,2.249015037081429504e+18,4.521619822743443359e+12,8.060069529069143347e+06,2.249019558710800384e+18
1.682000000000011340e-05,1.467414627949432004e+06,2.234084610537423360e+18,4.476310952387175781e+12,7.952138539654092863e+06,2.234089086857795328e+18
1.683000000000011500e-05,1.447304461587289348e+06,2.219268782204405248e+18,4.431506044085832031e+12,7.845774957322564907e+06,2.219273213719742720e+18
1.684000000000011659e-05,1.427490503801067593e+06,2.204566552432061952e+18,4.387198949000024902e+12,7.740954294833568856e+06,2.204570939640179456e+18
1.685000000000011819e-05,1.407968086758401245e+06,2.189976931354715392e+18,4.343383599907463867e+12,7.637652474087543786e+06,2.189981274747361024e+18
1.686000000000011979e-05,1.388732621019642567e+06,2.175498938784987392e+18,4.300054010031801270e+12,7.535845818848432973e+06,2.175503238847922176e+18
1.687000000000012139e-05,1.369779594139616936e+06,2.161131604108618752e+18,4.257204271889318359e+12,7.435511047602905892e+06,2.161135861321696000e+18
1.688000000000012299e-05,1.351104569295656634e+06,2.146873966180615424e+18,4.214828556153808105e+12,7.336625266554598697e+06,2.146878181017859328e+18
1.689000000000012459e-05,1.332703183941498166e+06,2.132725073222551552e+18,4.172921110538431641e+12,7.239165962749565020e+06,2.132729246152233984e+18
1.690000000000012618e-05,1.314571148486673133e+06,2.118683982721228800e+18,4.131476258695291504e+12,7.143110997331804596e+06,2.118688114205945344e+18
1.691000000000012778e-05,1.296704245000610594e+06,2.104749761328506880e+18,4.090488399131560059e+12,7.048438598924868740e+06,2.104753851825251072e+18
1.692000000000012938e-05,1.279098325941310963e+06,2.090921484762183424e+18,4.049952004142307617e+12,6.955127357137986459e+06,2.090925534722421504e+18
1.693000000000013098e-05,1.261749312907653861e+06,2.077198237708252928e+18,4.009861618759920898e+12,6.863156216193779372e+06,2.077202247577996544e+18
1.694000000000013258e-05,1.244653195415402763e+06,2.063579113724237056e+18,3.970211859719257812e+12,6.772504468675355427e+06,2.063583083944113920e+18
1.695000000000013418e-05,1.227806029695870588e+06,2.050063215143630336e+18,3.930997414438874023e+12,6.683151749390254728e+06,2.050067146148955648e+18
1.696000000000013577e-05,1.211203937517409679e+06,2.036649652981628672e+18,3.892213040017875977e+12,6.595078029349274002e+06,2.036653545202475008e+18
1.697000000000013737e-05,1.194843105028577149e+06,2.023337546841700352e+18,3.853853562247715820e+12,6.508263609857314266e+06,2.023341400702965760e+18
1.698000000000013897e-05,1.178719781623267103e+06,2.010126024823561472e+18,3.815913874639637695e+12,6.422689116714676842e+06,2.010129840745037568e+18
1.699000000000014057e-05,1.162830278826764319e+06,1.997014223432041472e+18,3.778388937466274414e+12,6.338335494526099414e+06,1.997018001828480000e+18
1.700000000000014217e-05,1.147170969202805776e+06,1.984001287487130112e+18,3.741273776818488281e+12,6.255184001115982421e+06,1.984005028768309248e+18
1.701000000000014377e-05,1.131738285280717071e+06,1.971086370035018752e+18,3.704563483675919434e+12,6.173216202046982013e+06,1.971090074605807360e+18
1.702000000000014536e-05,1.116528718502830015e+06,1.958268632260254976e+18,3.668253212992225098e+12,6.092413965240679681e+06,1.958272300520676608e+18
1.703000000000014696e-05,1.101538818191217491e+06,1.945547243398797824e+18,3.632338182793656250e+12,6.012759455697748810e+06,1.945550875744094976e+18
1.704000000000014856e-05,1.086765190533716232e+06,1.932921380652339712e+18,3.596813673291770020e+12,5.934235130316133611e+06,1.932924977473033984e+18
1.705000000000015016e-05,1.072204497588822851e+06,1.920390229103362816e+18,3.561675026009265625e+12,5.856823732804873958e+06,1.920393790785317632e+18
1.706000000000015176e-05,1.057853456308826804e+06,1.907952981631376896e+18,3.526917642919035645e+12,5.780508288692126982e+06,1.907956508555858176e+18
1.707000000000015336e-05,1.043708837581292843e+06,1.895608838830065920e+18,3.492536985596411621e+12,5.705272100425117649e+06,1.895612331373800448e+18
1.708000000000015495e-05,1.029767465288024163e+06,1.883357008925400320e+18,3.458528574384073242e+12,5.631098742560684681e+06,1.883360467460635648e+18
1.709000000000015655e-05,1.016026215381560032e+06,1.871196707694727424e+18,3.424887987569458008e+12,5.557972057044235989e+06,1.871200132589288960e+18
1.710000000000015815e-05,1.002482014978692634e+06,1.859127158386833664e+18,3.391610860574734375e+12,5.485876148575777188e+06,1.859130550004182528e+18
1.711000000000015975e-05,9.891318414705620380e+05,1.847147591642815744e+18,3.358692885158774414e+12,5.414795380060795695e+06,1.847150950342105088e+18
1.712000000000016135e-05,9.759727216493667802e+05,1.835257245418161408e+18,3.326129808631370605e+12,5.344714368145119399e+06,1.835260571554290688e+18
1.713000000000016295e-05,9.630017308509296272e+05,1.823455364905288960e+18,3.293917433078884277e+12,5.275617978831237182e+06,1.823458658828960768e+18
1.714000000000016454e-05,9.502159921131052542e+05,1.811741202457404672e+18,3.262051614601696777e+12,5.207491323175192811e+06,1.811744464515177216e+18
1.715000000000016614e-05,9.376126753496669699e+05,1.800114017513056256e+18,3.230528262563156250e+12,5.140319753062212840e+06,1.800117248047396864e+18
1.716000000000016774e-05,9.251889965392678278e+05,1.788573076521530880e+18,3.199343338849660156e+12,5.074088857059529051e+06,1.788576275870868992e+18
1.717000000000016934e-05,9.129422169292834587e+05,1.777117652869254912e+18,3.168492857141679688e+12,5.008784456344912760e+06,1.777120821368033792e+18
1.718000000000017094e-05,9.008696422542639775e+05,1.765747026806868224e+18,3.137972882195902344e+12,4.944392600709571503e+06,1.765750164785595648e+18
1.719000000000017254e-05,8.889686219686103286e+05,1.754460485377322496e+18,3.107779529137781250e+12,4.880899564633714035e+06,1.754463593162621696e+18
1.720000000000017413e-05,8.772365484933340922e+05,1.743257322344666112e+18,3.077908962764989746e+12,4.818291843433977105e+06,1.743260400259324416e+18
1.721000000000017573e-05,8.656708564764037728e+05,1.732136838123743488e+18,3.048357396860835449e+12,4.756556149480332620e+06,1.732139886486762496e+18
1.722000000000017733e-05,8.542690220668097027e+05,1.721098339710620672e+18,3.019121093518161133e+12,4.695679408482176252e+06,1.721101358837264128e+18
1.723000000000017893e-05,8.430285622016339330e+05,1.710141140613926400e+18,2.990196362473158203e+12,4.635648755841702223e+06,1.710144130815767552e+18
1.724000000000018053e-05,8.319470339061617851e+05,1.699264560786880256e+18,2.961579560449165527e+12,4.576451533073232509e+06,1.699267522371849216e+18
1.725000000000018213e-05,8.210220336066941964e+05,1.688467926560126208e+18,2.933267090509918945e+12,4.518075284287548624e+06,1.688470859832555776e+18
1.726000000000018372e-05,8.102511964559179032e+05,1.677750570575385856e+18,2.905255401422758301e+12,4.460507752739842981e+06,1.677753475836058112e+18
1.727000000000018532e-05,7.996321956703001633e+05,1.667111831719794944e+18,2.877540987030917480e+12,4.403736877439893782e+06,1.667114709265985536e+18
1.728000000000018692e-05,7.891627418797181454e+05,1.656551055061064704e+18,2.850120385635256836e+12,4.347750789823576808e+06,1.656553905186587136e+18
1.729000000000018852e-05,7.788405824886705959e+05,1.646067591783346176e+18,2.822990179384997559e+12,4.292537810484292917e+06,1.646070414778596864e+18
1.730000000000019012e-05,7.686635010491744615e+05,1.635660799123792128e+18,2.796146993677641602e+12,4.238086445963500999e+06,1.635663595275792640e+18
1.731000000000019172e-05,7.586293166448350530e+05,1.625330040309948672e+18,2.769587496567384277e+12,4.184385385598632973e+06,1.625332809902387968e+18
1.732000000000019331e-05,7.487358832861705450e+05,1.615074684497774336e+18,2.743308398182606934e+12,4.131423498427977320e+06,1.615077427811052544e+18
1.733000000000019491e-05,7.389810893167341128e+05,1.604894106710336000e+18,2.717306450151598633e+12,4.079189830151096452e+06,1.604896824021604352e+18
1.734000000000019651e-05,7.293628568299564067e+05,1.594787687777342208e+18,2.691578445036899414e+12,4.027673600143635646e+06,1.594790379360544256e+18
1.735000000000019811e-05,7.198791410964592360e+05,1.584754814275185152e+18,2.666121215777814453e+12,3.976864198525719810e+06,1.584757480401097728e+18
1.736000000000019971e-05,7.105279300016948255e+05,1.574794878467816704e+18,2.640931635141268066e+12,3.926751183282903861e+06,1.574797519404089088e+18
1.737000000000020131e-05,7.013072434936310165e+05,1.564907278248189184e+18,2.616006615180479980e+12,3.877324277438483201e+06,1.564909894259383040e+18
1.738000000000020290e-05,6.922151330403160537e+05,1.555091417080439040e+18,2.591343106701582031e+12,3.828573366276272573e+06,1.555094008428066560e+18
1.739000000000020450e-05,6.832496810972538078e+05,1.545346703942635008e+18,2.566938098738167969e+12,3.780488494613186922e+06,1.545349270885197568e+18
1.740000000000020610e-05,6.744090005842084065e+05,1.535672553270288896e+18,2.542788618033453125e+12,3.733059864120264538e+06,1.535675096063314176e+18
1.741000000000020770e-05,6.656912343714033486e+05,1.526068384900371712e+18,2.518891728529791016e+12,3.686277830691327341e+06,1.526070903796452352e+18
1.742000000000020930e-05,6.570945547748742392e+05,1.516533624016068864e+18,2.495244530865802734e+12,3.640132901858680416e+06,1.516536119264897024e+18
1.743000000000021090e-05,6.486171630608357955e+05,1.507067701092138496e+18,2.471844161880916016e+12,3.594615734254586045e+06,1.507070172940543488e+18
1.744000000000021249e-05,6.402572889588706894e+05,1.497670051840780800e+18,2.448687794126685547e+12,3.549717131117740646e+06,1.497672500532764928e+18
1.745000000000021409e-05,6.320131901837948244e+05,1.488340117158307328e+18,2.425772635385692383e+12,3.505428039844211657e+06,1.488342542935080192e+18
1.746000000000021569e-05,6.238831519660046324e+05,1.479077343072235520e+18,2.403095928197095703e+12,3.461739549581555184e+06,1.479079746172249344e+18
1.747000000000021729e-05,6.158654865901767043e+05,1.469881180689030144e+18,2.380654949389108887e+12,3.418642888865573332e+06,1.469883561348014080e+18
1.748000000000021889e-05,6.079585329421485076e+05,1.460751086142488064e+18,2.358447009618357422e+12,3.376129423298859037e+06,1.460753444593481728e+18
1.749000000000022049e-05,6.001606560638318770e+05,1.451686520542609664e+18,2.336469452915696289e+12,3.334190653270418290e+06,1.451688857015996672e+18
1.750000000000022208e-05,5.924702467160429806e+05,1.442686949925160960e+18,2.314719656238803223e+12,3.292818211715355050e+06,1.442689264648702464e+18
1.751000000000022368e-05,5.848857209489815868e+05,1.433751845201638656e+18,2.293195029030956543e+12,3.252003861914232839e+06,1.433754138400504576e+18
1.752000000000022528e-05,5.774055196803779108e+05,1.424880682109916160e+18,2.271893012786459473e+12,3.211739495331043843e+06,1.424882954006717952e+18
1.753000000000022688e-05,5.700281082810843363e+05,1.416072941165440256e+18,2.250811080622099609e+12,3.172017129489342216e+06,1.416075191980263168e+18
1.754000000000022848e-05,5.627519761679004878e+05,1.407328107612861440e+18,2.229946736854751465e+12,3.132828905885475688e+06,1.407330337563293952e+18
1.755000000000023008e-05,5.555756364036711166e+05,1.398645671378324992e+18,2.209297516585266602e+12,3.094167087938761804e+06,1.398647880679491328e+18
1.756000000000023167e-05,5.484976253043871839e+05,1.390025127022264576e+18,2.188860985288116455e+12,3.056024058977315668e+06,1.390027315886854656e+18
1.757000000000023327e-05,5.415165020531353075e+05,1.381465973692626432e+18,2.168634738406997559e+12,3.018392320259371772e+06,1.381468142330924800e+18
1.758000000000023487e-05,5.346308483209176920e+05,1.372967715078763776e+18,2.148616400956168457e+12,2.981264489029096439e+06,1.372969863698680576e+18
1.759000000000023647e-05,5.278392678940931801e+05,1.364529859365705216e+18,2.128803627127627930e+12,2.944633296606460586e+06,1.364531988172804608e+18
1.760000000000023807e-05,5.211403863083446631e+05,1.356151919188990976e+18,2.109194099903676514e+12,2.908491586510498542e+06,1.356154028386520576e+18
1.761000000000023967e-05,5.145328504890367039e+05,1.347833411590043904e+18,2.089785530675240967e+12,2.872832312615192961e+06,1.347835501378961920e+18
1.762000000000024126e-05,5.080153283979095286e+05,1.339573857971972352e+18,2.070575658715105225e+12,2.837648536925468594e+06,1.339575928550976768e+18
1.763000000000024286e-05,5.015865086859412841e+05,1.331372784055849728e+18,2.051562251458211182e+12,2.802933429582839832e+06,1.331374835621405696e+18
1.764000000000024446e-05,4.952451003522364190e+05,1.323229719837547008e+18,2.032743103104275879e+12,2.768680264284541365e+06,1.323231752583914240e+18
1.765000000000024606e-05,4.889898324088859372e+05,1.315144199545004800e+18,2.014116034956235840e+12,2.734882418484844733e+06,1.315146213664263680e+18
1.766000000000024766e-05,4.828194535517198965e+05,1.307115761595939328e+18,1.995678894906025391e+12,2.701533371269269381e+06,1.307117757278018560e+18
1.767000000000024926e-05,4.767327318366758991e+05,1.299143948556054784e+18,1.977429557076026611e+12,2.668626701671789400e+06,1.299145925988756992e+18
1.768000000000025085e-05,4.707284543619164033e+05,1.291228307097732352e+18,1.959365921472961426e+12,2.636156087041988503e+06,1.291230266466760704e+18
1.769000000000025245e-05,4.648054269554025959e+05,1.283368387959096064e+18,1.941485913647191650e+12,2.604115301441736519e+06,1.283370329448078592e+18
1.770000000000025405e-05,4.589624738679036964e+05,1.275563745903656448e+18,1.923787484357080322e+12,2.572498214069844224e+06,1.275565669694172416e+18
1.771000000000025565e-05,4.531984374713580473e+05,1.267813939680199680e+18,1.906268609237777100e+12,2.541298787713869940e+06,1.267815845951803392e+18
1.772000000000025725e-05,4.475121779624103219e+05,1.260118531983318784e+18,1.888927288475083984e+12,2.510511077228829730e+06,1.260120420913565440e+18
1.773000000000025885e-05,4.419025730711359647e+05,1.252477089414261248e+18,1.871761546483644775e+12,2.480129228042049799e+06,1.252478961178729728e+18
1.774000000000026044e-05,4.363685177747459384e+05,1.244889182442205440e+18,1.854769431589758301e+12,2.450147474683890119e+06,1.244891037214523648e+18
1.775000000000026204e-05,4.309089240163131035e+05,1.237354385366079488e+18,1.837949015718773193e+12,2.420560139343713410e+06,1.237356223317946624e+18
1.776000000000026364e-05,4.255227204282433377e+05,1.229872276276510464e+18,1.821298394086635254e+12,2.391361630450638942e+06,1.229874097577721344e+18
1.777000000000026524e-05,4.202088520606550737e+05,1.222442437018578688e+18,1.804815684896054688e+12,2.362546441278797574e+06,1.222444241837046272e+18
1.778000000000026684e-05,4.149662801142908284e+05,1.215064453154662912e+18,1.788499029036727539e+12,2.334109148576368578e+06,1.215066241656441088e+18
1.779000000000026843e-05,4.097939816781454138e+05,1.207737913927817216e+18,1.772346589789827637e+12,2.306044411218214780e+06,1.207739686277122816e+18
1.780000000000027003e-05,4.046909494715314941e+05,1.200462412225530112e+18,1.756356552536614014e+12,2.278346968881505076e+06,1.200464168584765696e+18
1.781000000000027163e-05,3.996561915905966889e+05,1.193237544543879680e+18,1.740527124471194336e+12,2.251011640744096600e+06,1.193239285073654784e+18
1.782000000000027323e-05,3.946887312592224334e+05,1.186062910952081664e+18,1.724856534317210449e+12,2.224033324205047451e+06,1.186064635811234816e+18
1.783000000000027483e-05,3.897876065841309028e+05,1.178938115057369600e+18,1.709343032048464844e+12,2.197406993626983836e+06,1.178939824402989056e+18
1.784000000000027643e-05,3.849518703142328304e+05,1.171862763970346752e+18,1.693984888613562500e+12,2.171127699100019876e+06,1.171864457957791488e+18
1.785000000000027802e-05,3.801805896040778025e+05,1.164836468270596352e+18,1.678780395664265625e+12,2.145190565226546954e+06,1.164838147053517568e+18
1.786000000000027962e-05,3.754728457813425921e+05,1.157858841972790528e+18,1.663727865287674561e+12,2.119590789926893543e+06,1.157860505703151104e+18
1.787000000000028122e-05,3.708277341183205135e+05,1.150929502493078912e+18,1.648825629742175537e+12,2.094323643265145132e+06,1.150931151321173760e+18
1.788000000000028282e-05,3.662443636072537047e+05,1.144048070615787904e+18,1.634072041196931152e+12,2.069384466294982703e+06,1.144049704690264704e+18
1.789000000000028442e-05,3.617218567395409918e+05,1.137214170460672256e+18,1.619465471475143555e+12,2.044768669925087830e+06,1.137215789928550272e+18
1.790000000000028602e-05,3.572593492887017783e+05,1.130427429450285568e+18,1.605004311800737061e+12,2.020471733803751413e+06,1.130429034456975104e+18
1.791000000000028761e-05,3.528559900969862356e+05,1.123687478277875584e+18,1.590686972548677246e+12,1.996489205222403165e+06,1.123689068967197568e+18
1.792000000000028921e-05,3.485109408657010645e+05,1.116993950875520000e+18,1.576511882998609863e+12,1.972816698037687922e+06,1.116995527389724416e+18
1.793000000000029081e-05,3.442233759489812073e+05,1.110346484382656896e+18,1.562477491091988281e+12,1.949449891611720435e+06,1.110348046862441600e+18
1.794000000000029241e-05,3.399924821511645569e+05,1.103744719114931456e+18,1.548582263192569092e+12,1.926384529770313529e+06,1.103746267699460992e+18
1.795000000000029401e-05,3.358174585275391582e+05,1.097188298533366656e+18,1.534824683850111816e+12,1.903616419778652489e+06,1.097189833360290048e+18
1.796000000000029561e-05,3.316975161884751287e+05,1.090676869213893120e+18,1.521203255567481934e+12,1.881141431334359339e+06,1.090678390419361408e+18
1.797000000000029720e-05,3.276318781068905373e+05,1.084210080817172608e+18,1.507716498570798096e+12,1.858955495577436173e+06,1.084211588535857792e+18
1.798000000000029880e-05,3.236197789289327920e+05,1.077787586058775040e+18,1.494362950582879395e+12,1.837054604116874048e+06,1.077789080423886208e+18
1.799000000000030040e-05,3.196604647879044642e+05,1.071409040679616384e+18,1.481141166599705078e+12,1.815434808073588880e+06,1.071410521822918016e+18
1.800000000000030200e-05,3.157531931212740019e+05,1.065074103416768512e+18,1.468049718670013184e+12,1.794092217139491811e+06,1.065075571468596992e+18
1.801000000000030360e-05,3.118972324908283772e+05,1.058782435974562048e+18,1.455087195677861816e+12,1.773022998652258888e+06,1.058783891063842688e+18
1.802000000000030520e-05,3.080918624057945563e+05,1.052533702995990784e+18,1.442252203128234375e+12,1.752223376685679657e+06,1.052535145250254208e+18
1.803000000000030679e-05,3.043363731489756028e+05,1.046327572034407296e+18,1.429543362935489014e+12,1.731689631155107403e+06,1.046329001579806336e+18
1.804000000000030839e-05,3.006300656058070599e+05,1.040163713525523712e+18,1.416959313214809570e+12,1.711418096938046627e+06,1.040165130486848896e+18
1.805000000000030999e-05,2.969722510962611996e+05,1.034041800759770624e+18,1.404498708076430664e+12,1.691405163009241922e+06,1.034043205260467072e+18
1.806000000000031159e-05,2.933622512095636339e+05,1.027961509854793984e+18,1.392160217422644775e+12,1.671647271590330405e+06,1.027962902016976512e+18
1.807000000000031319e-05,2.897993976417445811e+05,1.021922519728444800e+18,1.379942526747721680e+12,1.652140917313622776e+06,1.021923899672913408e+18
1.808000000000031479e-05,2.862830320358120371e+05,1.015924512071865856e+18,1.367844336940325195e+12,1.632882646399803692e+06,1.015925879918121984e+18
1.809000000000031638e-05,2.828125058246830595e+05,1.009967171323014528e+18,1.355864364088855225e+12,1.613869055849326309e+06,1.009968527189275136e+18
1.810000000000031798e-05,2.793871800766936503e+05,1.004050184640314112e+18,1.344001339289246826e+12,1.595096792647265131e+06,1.004051528643527936e+18
1.811000000000031958e-05,2.760064253436832805e+05,9.981732418767553280e+17,1.332254008455533936e+12,1.576562552981342888e+06,9.981745741326163200e+17
1.812000000000032118e-05,2.726696215116521344e+05,9.923360355541164800e+17,1.320621132132818115e+12,1.558263081472946797e+06,9.923373561770795520e+17
1.813000000000032278e-05,2.693761576538768131e+05,9.865382608375301120e+17,1.309101485312950439e+12,1.540195170420904644e+06,9.865395699408250880e+17
1.814000000000032438e-05,2.661254318864608067e+05,9.807796155102805760e+17,1.297693857252552490e+12,1.522355659057741752e+06,9.807809132059262720e+17
1.815000000000032597e-05,2.629168512263312005e+05,9.750597999489533440e+17,1.286397051293616455e+12,1.504741432818309404e+06,9.750610863477722880e+17
1.816000000000032757e-05,2.597498314515263191e+05,9.693785170986822400e+17,1.275209884686420654e+12,1.487349422620411729e+06,9.693797923103139840e+17
1.817000000000032917e-05,2.566237969638954673e+05,9.637354724488325120e+17,1.264131188414980469e+12,1.470176604157415219e+06,9.637367365817477120e+17
1.818000000000033077e-05,2.535381806539790705e+05,9.581303740087992320e+17,1.253159807024703369e+12,1.453219997202431783e+06,9.581316271703129600e+17
1.819000000000033237e-05,2.504924237681986706e+05,9.525629322841561600e+17,1.242294598452428223e+12,1.436476664924017619e+06,9.525641745804414720e+17
1.820000000000033397e-05,2.474859757781966473e+05,9.470328602529703680e+17,1.231534433858824219e+12,1.419943713213164359e+06,9.470340917890716160e+17
1.821000000000033556e-05,2.445182942523927777e+05,9.415398733424446720e+17,1.220878197462921143e+12,1.403618290021272143e+06,9.415410942222903040e+17
1.822000000000033716e-05,2.415888447295857768e+05,9.360836894057223680e+17,1.210324786378914551e+12,1.387497584709122544e+06,9.360848997321378560e+17
1.823000000000033876e-05,2.386971005947260419e+05,9.306640286990204160e+17,1.199873110455217041e+12,1.371578827406414086e+06,9.306652285737410560e+17
1.824000000000034036e-05,2.358425429566633538e+05,9.252806138589016320e+17,1.189522092115564697e+12,1.355859288381898077e+06,9.252818033825856000e+17
1.825000000000034196e-05,2.330246605279691867e+05,9.199331698798656000e+17,1.179270666202341064e+12,1.340336277423799038e+06,9.199343491521052160e+17
1.826000000000034356e-05,2.302429495066788513e+05,9.146214240921231360e+17,1.169117779821948486e+12,1.325007143230382819e+06,9.146225932114583040e+17
1.827000000000034515e-05,2.274969134600510588e+05,9.093451061396492800e+17,1.159062392192262939e+12,1.309869272810469149e+06,9.093462652035787520e+17
1.828000000000034675e-05,2.247860632101518277e+05,9.041039479583795200e+17,1.149103474492135986e+12,1.294920090893791290e+06,9.041050970633736960e+17
1.829000000000034835e-05,2.221099167213962355e+05,8.988976837547421440e+17,1.139240009712912354e+12,1.280157059350941330e+06,8.988988229962540800e+17
1.830000000000034995e-05,2.194679989898794738e+05,8.937260499842900480e+17,1.129470992511853516e+12,1.265577676622781204e+06,8.937271794567676160e+17
1.831000000000035155e-05,2.168598419345515431e+05,8.885887853306754560e+17,1.119795429067664062e+12,1.251179477159147849e+06,8.885899051275726080e+17
1.832000000000035315e-05,2.142849842901529046e+05,8.834856306847356160e+17,1.110212336937751953e+12,1.236960030866727000e+06,8.834867408985237760e+17
1.833000000000035474e-05,2.117429715019271534e+05,8.784163291238668800e+17,1.100720744917580322e+12,1.222916942565856036e+06,8.784174298460464640e+17
1.834000000000035634e-05,2.092333556220284372e+05,8.733806258915699200e+17,1.091319692901707764e+12,1.209047851456208387e+06,8.733817172126812160e+17
1.835000000000035794e-05,2.067556952076300804e+05,8.683782683772328960e+17,1.082008231746842529e+12,1.195350430591088952e+06,8.683793503868668160e+17
1.836000000000035954e-05,2.043095552207072033e+05,8.634090060960816640e+17,1.072785423136545166e+12,1.181822386360314908e+06,8.634100788828908800e+17
1.837000000000036114e-05,2.018945069294273271e+05,8.584725906694010880e+17,1.063650339447905273e+12,1.168461457981457701e+06,8.584736543211109120e+17
1.838000000000036274e-05,1.995101278111738502e+05,8.535687758048849920e+17,1.054602063619791626e+12,1.155265416999253677e+06,8.535698304083034880e+17
1.839000000000036433e-05,1.971560014571223583e+05,8.486973172772341760e+17,1.045639689023006226e+12,1.142232066793245962e+06,8.486983629182625280e+17
1.840000000000036593e-05,1.948317174783963710e+05,8.438579729089280000e+17,1.036762319332038574e+12,1.129359242093239678e+06,8.438590096725715200e+17
1.841000000000036753e-05,1.925368714137095667e+05,8.390505025512611840e+17,1.027969068398635620e+12,1.116644808502682950e+06,8.390515305216387840e+17
1.842000000000036913e-05,1.902710646385361324e+05,8.342746680654144000e+17,1.019259060126860474e+12,1.104086662029667757e+06,8.342756873257688320e+17
1.843000000000037073e-05,1.880339042757605785e+05,8.295302333039266560e+17,1.010631428350015259e+12,1.091682728625527816e+06,8.295312439366347520e+17
1.844000000000037233e-05,1.858250031077257881e+05,8.248169640921669120e+17,1.002085316708971436e+12,1.079430963730840478e+06,8.248179661787489280e+17
1.845000000000037392e-05,1.836439794897655956e+05,8.201346282101615360e+17,9.936198785322746582e+11,1.067329351828732993e+06,8.201356218312911360e+17
1.846000000000037552e-05,1.814904572650871996e+05,8.154829953744394240e+17,9.852342767177183838e+11,1.055375906005390454e+06,8.154839806099530240e+17
1.847000000000037712e-05,1.793640656810618239e+05,8.108618372201966080e+17,9.769276836155009766e+11,1.043568667517580790e+06,8.108628141491031040e+17
1.848000000000037872e-05,1.772644393068403297e+05,8.062709272835773440e+17,9.686992809129389648e+11,1.031905705367127550e+06,8.062718959840674560e+17
1.849000000000038032e-05,1.751912179523080995e+05,8.017100409841427200e+17,9.605482595206474609e+11,1.020385115882220096e+06,8.017110015335979520e+17
1.850000000000038192e-05,1.731440465883653087e+05,7.971789556075278080e+17,9.524738194602419434e+11,1.009005022305400809e+06,7.971799080825295360e+17
1.851000000000038351e-05,1.711225752684313629e+05,7.926774502882736640e+17,9.444751697535266113e+11,9.977635743881595554e+05,7.926783947646123520e+17
1.852000000000038511e-05,1.691264590512903233e+05,7.882053059928112640e+17,9.365515283130604248e+11,9.866589479919903679e+05,7.882062425454952960e+17
1.853000000000038671e-05,1.671553579251173360e+05,7.837623055026470400e+17,9.287021218342480469e+11,9.756893446958397981e+05,7.837632342059118080e+17
1.854000000000038831e-05,1.652089367327302461e+05,7.793482333977048320e+17,9.209261856887404785e+11,9.648529914097668370e+05,7.793491543250206720e+17
1.855000000000038991e-05,1.632868650980864186e+05,7.749628760398264320e+17,9.132229638192811279e+11,9.541481399948161561e+05,7.749637892639077120e+17
1.856000000000039151e-05,1.613888173538830306e+05,7.706060215564524800e+17,9.055917086359560547e+11,9.435730668889252702e+05,7.706069271492661760e+17
1.857000000000039310e-05,1.595144724703906104e+05,7.662774598244657920e+17,8.980316809136939697e+11,9.331260727387545630e+05,7.662783578572392960e+17
1.858000000000039470e-05,1.576635139853656292e+05,7.619769824541926400e+17,8.905421496911627197e+11,9.228054820373780094e+05,7.619778729974227200e+17
1.859000000000039630e-05,1.558356299351194466e+05,7.577043827735582720e+17,8.831223921710170898e+11,9.126096427677719621e+05,7.577052658970188800e+17
1.860000000000039790e-05,1.540305127866782132e+05,7.534594558124096000e+17,8.757716936213194580e+11,9.025369260518791853e+05,7.534603315851596800e+17
1.861000000000039950e-05,1.522478593710082350e+05,7.492419982870183680e+17,8.684893472783666992e+11,8.925857258052948164e+05,7.492428667774104320e+17
1.862000000000040110e-05,1.504873708173389605e+05,7.450518085846767360e+17,8.612746542507098389e+11,8.827544583973988192e+05,7.450526698603642880e+17
1.863000000000040269e-05,1.487487524884981976e+05,7.408886867485259520e+17,8.541269234244185791e+11,8.730415623168637976e+05,7.408895408764711680e+17
1.864000000000040429e-05,1.470317139172905008e+05,7.367524344624574720e+17,8.470454713695454102e+11,8.634454978424324654e+05,7.367532815089393920e+17
1.865000000000040589e-05,1.453359687438954425e+05,7.326428550362324480e+17,8.400296222479187012e+11,8.539647467189343879e+05,7.326436950668540160e+17
1.866000000000040749e-05,1.436612346542435407e+05,7.285597533907064320e+17,8.330787077219322510e+11,8.445978118383667897e+05,7.285605864704023040e+17
1.867000000000040909e-05,1.420072333193753439e+05,7.245029360432349440e+17,8.261920668646870117e+11,8.353432169260397786e+05,7.245037622362790400e+17
1.868000000000041069e-05,1.403736903357767442e+05,7.204722110931864320e+17,8.193690460711905518e+11,8.261995062316264957e+05,7.204730304631991040e+17
1.869000000000041228e-05,1.387603351666236122e+05,7.164673882076136960e+17,8.126089989707261963e+11,8.171652442251066677e+05,7.164682008175685120e+17
1.870000000000041388e-05,1.371669010839954426e+05,7.124882786071056640e+17,8.059112863403728027e+11,8.082390152974668890e+05,7.124890845193374720e+17
1.871000000000041548e-05,1.355931251119877852e+05,7.085346950517026560e+17,7.992752760195557861e+11,7.994194234661060618e+05,7.085354943279136000e+17
1.872000000000041708e-05,1.340387479707061721e+05,7.046064518270437120e+17,7.927003428258146973e+11,7.907050920848761452e+05,7.046072445283111680e+17
1.873000000000041868e-05,1.325035140211725084e+05,7.007033647305411840e+17,7.861858684715557861e+11,7.820946635586379562e+05,7.007041509173241600e+17
1.874000000000042028e-05,1.309871712110773224e+05,6.968252510578341120e+17,7.797312414818967285e+11,7.735867990623119986e+05,6.968260307899801600e+17
1.875000000000042187e-05,1.294894710214002989e+05,6.929719295892227840e+17,7.733358571135776367e+11,7.651801782643155893e+05,6.929727029259746560e+17
1.876000000000042347e-05,1.280101684138739656e+05,6.891432205763479040e+17,7.669991172748983154e+11,7.568734990543274907e+05,6.891439875763500800e+17
1.877000000000042507e-05,1.265490217792429175e+05,6.853389457289578240e+17,7.607204304466777344e+11,7.486654772752996068e+05,6.853397064502635520e+17
1.878000000000042667e-05,1.251057928863890993e+05,6.815589282018106880e+17,7.544992116042238770e+11,7.405548464596354170e+05,6.815596827018880000e+17
1.879000000000042827e-05,1.236802468322045170e+05,6.778029925817132800e+17,7.483348821402995605e+11,7.325403575695201289e+05,6.778037409174516480e+17
1.880000000000042987e-05,1.222721519922792941e+05,6.740709648746644480e+17,7.422268697890601807e+11,7.246207787412519101e+05,6.740717071023810560e+17
1.881000000000043146e-05,1.208812799723515636e+05,6.703626724931546880e+17,7.361746085509736328e+11,7.167948950335743139e+05,6.703634086686008320e+17
1.882000000000043306e-05,1.195074055605330650e+05,6.666779442435968000e+17,7.301775386187011719e+11,7.090615081799301552e+05,6.666786744219640320e+17
1.883000000000043466e-05,1.181503066802517860e+05,6.630166103138252800e+17,7.242351063038834229e+11,7.014194363445324125e+05,6.630173345497511680e+17
1.884000000000043626e-05,1.168097643439569802e+05,6.593785022607768320e+17,7.183467639649146729e+11,6.938675138822455192e+05,6.593792206083514880e+17
1.885000000000043786e-05,1.154855626075472974e+05,6.557634529982608640e+17,7.125119699355541992e+11,6.864045911021915963e+05,6.557641655110327040e+17
1.886000000000043946e-05,1.141774885254828405e+05,6.521712967848769280e+17,7.067301884545390625e+11,6.790295340349872131e+05,6.521720035158585600e+17
1.887000000000044105e-05,1.128853321066305070e+05,6.486018692120006400e+17,7.010008895959786377e+11,6.717412242036296520e+05,6.486025702136748800e+17
1.888000000000044265e-05,1.116088862707823719e+05,6.450550071919644160e+17,6.953235492007608643e+11,6.645385583978896029e+05,6.450557025162897920e+17
1.889000000000044425e-05,1.103479468058338389e+05,6.415305489462411520e+17,6.896976488086788330e+11,6.574204484521925915e+05,6.415312386446576640e+17
1.890000000000044585e-05,1.091023123256643594e+05,6.380283339938767360e+17,6.841226755915269775e+11,6.503858210269494448e+05,6.380290181173117440e+17
1.891000000000044745e-05,1.078717842286429659e+05,6.345482031399324160e+17,6.785981222869997559e+11,6.434336173932435922e+05,6.345488817388060160e+17
1.892000000000044905e-05,1.066561666567889333e+05,6.310899984640901120e+17,6.731234871334276123e+11,6.365627932208371349e+05,6.310906715883203840e+17
1.893000000000045064e-05,1.054552664555619413e+05,6.276535633093525760e+17,6.676982738053145752e+11,6.297723183694364270e+05,6.276542310083616000e+17
1.894000000000045224e-05,1.042688931342845171e+05,6.242387422708362240e+17,6.623219913497249756e+11,6.230611766831791028e+05,6.242394045935549440e+17
1.895000000000045384e-05,1.030968588271653716e+05,6.208453811847249920e+17,6.569941541234462891e+11,6.164283657882796833e+05,6.208460381795985920e+17
1.896000000000045544e-05,1.019389782549299707e+05,6.174733271172902400e+17,6.517142817309554443e+11,6.098728968937597238e+05,6.174739788322837760e+17
1.897000000000045704e-05,1.007950686870518693e+05,6.141224283539814400e+17,6.464818989631137695e+11,6.033937945952594746e+05,6.141230748365845760e+17
1.898000000000045864e-05,9.966494990455119114e+04,6.107925343887412480e+17,6.412965357367260742e+11,5.969900966818440938e+05,6.107931756859736320e+17
1.899000000000046023e-05,9.854844416338809242e+04,6.074834959133164800e+17,6.361577270347772217e+11,5.906608539457811275e+05,6.074841320717327360e+17
1.900000000000046183e-05,9.744537615839616046e+04,6.041951648066612480e+17,6.310650128474213867e+11,5.844051299952000845e+05,6.041957958723559680e+17
1.901000000000046343e-05,9.635557298779948906e+04,6.009273941245728000e+17,6.260179381137668457e+11,5.782220010696491227e+05,6.009280201431855360e+17
1.902000000000046503e-05,9.527886411824393144e+04,5.976800380892704000e+17,6.210160526643254395e+11,5.721105558584390674e+05,5.976806591059904000e+17
1.903000000000046663e-05,9.421508135039803165e+04,5.944529520791943680e+17,6.160589111642183838e+11,5.660698953217875678e+05,5.944535681387656960e+17
1.904000000000046823e-05,9.316405878505566216e+04,5.912459926188119040e+17,6.111460730570646973e+11,5.600991325146589661e+05,5.912466037655383040e+17
1.905000000000046982e-05,9.212563278978322342e+04,5.880590173686063360e+17,6.062771025095970459e+11,5.541973924133126857e+05,5.880596236463552000e+17
1.906000000000047142e-05,9.109964196604779863e+04,5.848918851150950400e+17,6.014515683569510498e+11,5.483638117444802774e+05,5.848924865673029120e+17
1.907000000000047302e-05,9.008592711688732379e+04,5.817444557609712640e+17,5.966690440486175537e+11,5.425975388171386439e+05,5.817450524306480640e+17
1.908000000000047462e-05,8.908433121504519659e+04,5.786165903153685760e+17,5.919291075951179199e+11,5.368977333568432368e+05,5.786171822451022080e+17
1.909000000000047622e-05,8.809469937159914116e+04,5.755081508841344000e+17,5.872313415152791748e+11,5.312635663425691891e+05,5.755087381160952320e+17
1.910000000000047782e-05,8.711687880508563831e+04,5.724190006602997760e+17,5.825753327842102051e+11,5.256942198460329091e+05,5.724195832362453760e+17
1.911000000000047941e-05,8.615071881107099762e+04,5.693490039145694080e+17,5.779606727819025879e+11,5.201888868734498392e+05,5.693495818758485120e+17
1.912000000000048101e-05,8.519607073220913298e+04,5.662980259859472000e+17,5.733869572424805908e+11,5.147467712096721516e+05,5.662985993735043840e+17
1.913000000000048261e-05,8.425278792873903876e+04,5.632659332723860480e+17,5.688537862040517578e+11,5.093670872647081269e+05,5.632665021267658240e+17
1.914000000000048421e-05,8.332072574944587541e+04,5.602525932216288640e+17,5.643607639592098389e+11,5.040490599225371843e+05,5.602531575829802240e+17
1.915000000000048581e-05,8.239974150305584772e+04,5.572578743220303360e+17,5.599074990061462402e+11,4.987919243922285386e+05,5.572584342301105280e+17
1.916000000000048741e-05,8.148969443005659559e+04,5.542816460935390080e+17,5.554936040003214111e+11,4.935949260612787912e+05,5.542822015877180800e+17
1.917000000000048900e-05,8.059044567497629032e+04,5.513237790787399680e+17,5.511186957068037109e+11,4.884573203511906322e+05,5.513243301980046720e+17
1.918000000000049060e-05,7.970185825904681406e+04,5.483841448339794560e+17,5.467823949531414795e+11,4.833783725752098253e+05,5.483846916169374720e+17
1.919000000000049220e-05,7.882379705331005971e+04,5.454626159205781120e+17,5.424843265828213501e+11,4.783573577981956769e+05,5.454631584054618880e+17
1.920000000000049380e-05,7.795612875211326173e+04,5.425590658961414400e+17,5.382241194093291626e+11,4.733935606986142229e+05,5.425596041208122240e+17
1.921000000000049540e-05,7.709872184702132654e+04,5.396733693059203840e+17,5.340014061707379150e+11,4.684862754325908609e+05,5.396739033078721280e+17
1.922000000000049700e-05,7.625144660110514087e+04,5.368054016742823680e+17,5.298158234848873291e+11,4.636348055000170716e+05,5.368059314906456960e+17
1.923000000000049859e-05,7.541417502364210668e+04,5.339550394962696960e+17,5.256670118050835571e+11,4.588384636126442929e+05,5.339555651638156800e+17
1.924000000000050019e-05,7.458678084517442039e+04,5.311221602291858560e+17,5.215546153763623047e+11,4.540965715641711140e+05,5.311226817843298560e+17
1.925000000000050179e-05,7.376913949296630744e+04,5.283066422843408000e+17,5.174782821922900391e+11,4.494084601022756542e+05,5.283071597631461760e+17
1.926000000000050339e-05,7.296112806681293296e+04,5.255083650188064000e+17,5.134376639522644653e+11,4.447734688025426003e+05,5.255088784569880960e+17
1.927000000000050499e-05,7.216262531522153586e+04,5.227272087272711680e+17,5.094324160193712158e+11,4.401909459442903753e+05,5.227277181601995520e+17
1.928000000000050658e-05,7.137351161196321482e+04,5.199630546339970560e+17,5.054621973787492065e+11,4.356602483882535598e+05,5.199635600967014400e+17
1.929000000000050818e-05,7.059366893294756301e+04,5.172157848848151040e+17,5.015266705964340210e+11,4.311807414560695179e+05,5.172162864119874560e+17
1.930000000000050978e-05,6.982298083347905776e+04,5.144852825392225280e+17,4.976255017787561035e+11,4.267517988115995540e+05,5.144857801652208640e+17
1.931000000000051138e-05,6.906133242582723324e+04,5.117714315625293440e+17,4.937583605321735229e+11,4.223728023439596291e+05,5.117719253213813120e+17
1.932000000000051298e-05,6.830861035715734761e+04,5.090741168181150720e+17,4.899249199236542969e+11,4.180431420523558627e+05,5.090746067435213440e+17
1.933000000000051458e-05,6.756470278776633495e+04,5.063932240597232640e+17,4.861248564414818726e+11,4.137622159325749381e+05,5.063937101850610560e+17
1.934000000000051617e-05,6.682949936967113172e+04,5.037286399238375040e+17,4.823578499565842896e+11,4.095294298652037396e+05,5.037291222821638400e+17
1.935000000000051777e-05,6.610289122549527383e+04,5.010802519221489920e+17,4.786235836843204346e+11,4.053441975054753129e+05,5.010807305462041600e+17
1.936000000000051937e-05,6.538477092768751754e+04,4.984479484340739840e+17,4.749217441467012939e+11,4.012059401747674565e+05,4.984484233562847360e+17
1.937000000000052097e-05,6.467503247804106650e+04,4.958316186993406080e+17,4.712520211351162109e+11,3.971140867537090089e+05,4.958320899518235520e+17
1.938000000000052257e-05,6.397357128752097196e+04,4.932311528106529920e+17,4.676141076734610596e+11,3.930680735768426093e+05,4.932316204252177280e+17
1.939000000000052417e-05,6.328028415639850573e+04,4.906464417064307840e+17,4.640076999817763672e+11,3.890673443288860726e+05,4.906469057145831040e+17
1.940000000000052576e-05,6.259506925467149995e+04,4.880773771636087040e+17,4.604324974402430420e+11,3.851113499424861511e+05,4.880778375965538560e+17
1.941000000000052736e-05,6.191782610278634820e+04,4.855238517904844800e+17,4.568882025536932983e+11,3.811995484975153231e+05,4.855243086791301120e+17
1.942000000000052896e-05,6.124845555263704591e+04,4.829857590196762240e+17,4.533745209164912720e+11,3.773314051218226668e+05,4.829862123946357120e+17
1.943000000000053056e-05,6.058685976885659329e+04,4.804629931011055360e+17,4.498911611778760986e+11,3.735063918934785761e+05,4.804634429927008000e+17
1.944000000000053216e-05,5.993294221038003161e+04,4.779554490950642560e+17,4.464378350076999512e+11,3.697239877444256563e+05,4.779558955333288960e+17
1.945000000000053376e-05,5.928660761228182673e+04,4.754630228653539840e+17,4.430142570625845947e+11,3.659836783655819600e+05,4.754634658800362880e+17
1.946000000000053535e-05,5.864776196788685047e+04,4.729856110724602880e+17,4.396201449524861450e+11,3.622849561133077368e+05,4.729860506930261760e+17
1.947000000000053695e-05,5.801631251114055340e+04,4.705231111668268800e+17,4.362552192076659546e+11,3.586273199172675377e+05,4.705235474224627840e+17
1.948000000000053855e-05,5.739216769924695109e+04,4.680754213821608960e+17,4.329192032460515747e+11,3.550102751896337140e+05,4.680758543017765760e+17
1.949000000000054015e-05,5.677523719555438583e+04,4.656424407288224000e+17,4.296118233409973145e+11,3.514333337356215925e+05,4.656428703410539520e+17
1.950000000000054175e-05,5.616543185270433605e+04,4.632240689872567680e+17,4.263328085894162598e+11,3.478960136653397931e+05,4.632244953204694400e+17
1.951000000000054335e-05,5.556266369602550549e+04,4.608202067015155200e+17,4.230818908803139038e+11,3.443978393069255981e+05,4.608206297838063360e+17
1.952000000000054494e-05,5.496684590716748062e+04,4.584307551727939200e+17,4.198588048636903076e+11,3.409383411209572223e+05,4.584311750319946880e+17
1.953000000000054654e-05,5.437789280798502296e+04,4.560556164530735360e+17,4.166632879197963867e+11,3.375170556161056156e+05,4.560560331167534080e+17
1.954000000000054814e-05,5.379571984465436981e+04,4.536946933387911040e+17,4.134950801287967529e+11,3.341335252660333063e+05,4.536951068342592000e+17
1.955000000000054974e-05,5.322024357202276587e+04,4.513478893646003200e+17,4.103539242407656860e+11,3.307872984274908667e+05,4.513482997189086080e+17
1.956000000000055134e-05,5.265138163819320471e+04,4.490151087971292800e+17,4.072395656460352783e+11,3.274779292596114101e+05,4.490155160370750720e+17
1.957000000000055294e-05,5.208905276932891866e+04,4.466962566288759680e+17,4.041517523459212036e+11,3.242049776443826267e+05,4.466966607810046080e+17
1.958000000000055453e-05,5.153317675469008100e+04,4.443912385720894720e+17,4.010902349237836304e+11,3.209680091082766885e+05,4.443916396626968960e+17
1.959000000000055613e-05,5.098367443188015022e+04,4.420999610527661440e+17,3.980547665164407349e+11,3.177665947450182284e+05,4.421003591079014400e+17
1.960000000000055773e-05,5.044046767231341801e+04,4.398223312046422400e+17,3.950451027859046021e+11,3.146003111394655425e+05,4.398227262501100800e+17
1.961000000000055933e-05,4.990347936690226197e+04,4.375582568632903040e+17,3.920610018914799194e+11,3.114687402926220093e+05,4.375586489246536320e+17
1.962000000000056093e-05,4.937263341193890665e+04,4.353076465602435840e+17,3.891022244621521606e+11,3.083714695476900670e+05,4.353080356628257280e+17
1.963000000000056253e-05,4.884785469519704202e+04,4.330704095171887360e+17,3.861685335693630981e+11,3.053080915172504610e+05,4.330707956860764160e+17
1.964000000000056412e-05,4.832906908222936909e+04,4.308464556401917440e+17,3.832596947000551147e+11,3.022782040114483680e+05,4.308468389002370560e+17
1.965000000000056572e-05,4.781620340287170256e+04,4.286356955140172800e+17,3.803754757300653687e+11,2.992814099672558368e+05,4.286360758898400640e+17
1.966000000000056732e-05,4.730918543793599383e+04,4.264380403964342400e+17,3.775156468978137817e+11,2.963173173787226551e+05,4.264384179124247680e+17
1.967000000000056892e-05,4.680794390610091068e+04,4.242534022126370560e+17,3.746799807783251343e+11,2.933855392282615067e+05,4.242537768929580160e+17
1.968000000000057052e-05,4.631240845099823491e+04,4.220816935496915200e+17,3.718682522575385742e+11,2.904856934189104359e+05,4.220820654182806400e+17
1.969000000000057212e-05,4.582250962848102790e+04,4.199228276510284160e+17,3.690802385069426880e+11,2.876174027075773338e+05,4.199231967316003840e+17
1.970000000000057371e-05,4.533817889407754410e+04,4.177767184109825920e+17,3.663157189584698486e+11,2.847802946392378653e+05,4.177770847270316800e+17
1.971000000000057531e-05,4.485934859063306794e+04,4.156432803694064000e+17,3.635744752797302246e+11,2.819740014820930664e+05,4.156436439442085120e+17
1.972000000000057691e-05,4.438595193612331059e+04,4.135224287063079680e+17,3.608562913495280762e+11,2.791981601636506384e+05,4.135227895629228800e+17
1.973000000000057851e-05,4.391792301165038225e+04,4.114140792365404800e+17,3.581609532336344604e+11,2.764524122077228385e+05,4.114144373978140800e+17
1.974000000000058011e-05,4.345519674961261626e+04,4.093181484045541120e+17,3.554882491608740845e+11,2.737364036723329918e+05,4.093185038931204480e+17
1.975000000000058171e-05,4.299770892204243137e+04,4.072345532791938560e+17,3.528379694995021973e+11,2.710497850885168300e+05,4.072349061174773760e+17
1.976000000000058330e-05,4.254539612911620497e+04,4.051632115485274240e+17,3.502099067338308105e+11,2.683922113999903668e+05,4.051635617587451520e+17
1.977000000000058490e-05,4.209819578782843018e+04,4.031040415147218560e+17,3.476038554411386719e+11,2.657633419036910636e+05,4.031043891188851840e+17
1.978000000000058650e-05,4.165604612083151005e+04,4.010569620889960320e+17,3.450196122688560791e+11,2.631628401911594556e+05,4.010573071089131520e+17
1.979000000000058810e-05,4.121888614543485892e+04,3.990218927865853440e+17,3.424569759120253906e+11,2.605903740907742467e+05,3.990222352438631040e+17
1.980000000000058970e-05,4.078665566276550817e+04,3.969987537217763840e+17,3.399157470910105591e+11,2.580456156107971910e+05,3.969990936378222720e+17
1.981000000000059130e-05,4.035929524707995006e+04,3.949874656029575040e+17,3.373957285294633789e+11,2.555282408832368674e+05,3.949878029989819520e+17
1.982000000000059289e-05,3.993674623523506307e+04,3.929879497277354240e+17,3.348967249325595703e+11,2.530379301085118204e+05,3.929882846247533440e+17
1.983000000000059449e-05,3.951895071630966413e+04,3.910001279781096320e+17,3.324185429654981689e+11,2.505743675009099825e+05,3.910004603969426560e+17
1.984000000000059609e-05,3.910585152137344994e+04,3.890239228156509440e+17,3.299609912322240601e+11,2.481372412348099169e+05,3.890242527769294080e+17
1.985000000000059769e-05,3.869739221340568474e+04,3.870592572767557760e+17,3.275238802544124756e+11,2.457262433916793088e+05,3.870595848009204480e+17
1.986000000000059929e-05,3.829351707735360833e+04,3.851060549679339520e+17,3.251070224507120361e+11,2.433410699078205216e+05,3.851063800752380160e+17
1.987000000000060089e-05,3.789417111034114350e+04,3.831642400611305600e+17,3.227102321162008667e+11,2.409814205228604260e+05,3.831645627716415360e+17
1.988000000000060248e-05,3.749930001201276900e+04,3.812337372891031040e+17,3.203333254021049805e+11,2.386469987289706769e+05,3.812340576227046400e+17
1.989000000000060408e-05,3.710885017501588300e+04,3.793144719408220160e+17,3.179761202957432861e+11,2.363375117208057200e+05,3.793147899172158080e+17
1.990000000000060568e-05,3.672276867562132247e+04,3.774063698569468800e+17,3.156384366007019043e+11,2.340526703461557045e+05,3.774066854956542720e+17
1.991000000000060728e-05,3.634100326447948464e+04,3.755093574252913920e+17,3.133200959172462769e+11,2.317921890572921548e+05,3.755096707456554880e+17
1.992000000000060888e-05,3.596350235750100546e+04,3.736233615763822080e+17,3.110209216229511108e+11,2.295557858630001720e+05,3.736236725975693440e+17
1.993000000000061048e-05,3.559021502687996690e+04,3.717483097790248960e+17,3.087407388535761108e+11,2.273431822813014733e+05,3.717486185200266880e+17
1.994000000000061207e-05,3.522109099223422527e+04,3.698841300359107840e+17,3.064793744841174927e+11,2.251541032928229251e+05,3.698844365155456000e+17
1.995000000000061367e-05,3.485608061187902786e+04,3.680307508792812800e+17,3.042366571101340942e+11,2.229882772948449128e+05,3.680310551161962240e+17
1.996000000000061527e-05,3.449513487421833997e+04,3.661881013666169600e+17,3.020124170292537842e+11,2.208454360559842316e+05,3.661884033792893440e+17
1.997000000000061687e-05,3.413820538926839072e+04,3.643561110763630080e+17,2.998064862228923340e+11,2.187253146715173498e+05,3.643564108831020800e+17
1.998000000000061847e-05,3.378524438029179146e+04,3.625347101036985600e+17,2.976186983382141724e+11,2.166276515193385712e+05,3.625350077226473600e+17
1.999000000000062007e-05,3.343620467555752839e+04,3.607238290563531520e+17,2.954488886702591553e+11,2.145521882165281568e+05,3.607241245054897280e+17
2.000000000000062166e-05,3.309103970021537680e+04,3.589233990504369920e+17,2.932968941443043213e+11,2.124986695765345357e+05,3.589236923475767040e+17
2.001000000000062326e-05,3.274970346828460242e+04,3.571333517063303680e+17,2.911625532984227905e+11,2.104668435669619939e+05,3.571336428691269120e+17
2.002000000000062486e-05,3.241215057475837966e+04,3.553536191445943040e+17,2.890457062662389526e+11,2.084564612679465208e+05,3.553539081905413760e+17
2.003000000000062646e-05,3.207833618782128906e+04,3.535841339819292160e+17,2.869461947598718872e+11,2.064672768311099499e+05,3.535844209283624960e+17
2.004000000000062806e-05,3.174821604117165771e+04,3.518248293271642880e+17,2.848638620531066895e+11,2.044990474391013850e+05,3.518251141912625920e+17
2.005000000000062966e-05,3.142174642645912172e+04,3.500756387772793600e+17,2.827985529647197876e+11,2.025515332656916289e+05,3.500759215760663040e+17
2.006000000000063125e-05,3.109888418582436498e+04,3.483364964134623360e+17,2.807501138420216064e+11,2.006244974364319060e+05,3.483367771638079360e+17
2.007000000000063285e-05,3.077958670454741150e+04,3.466073367972128640e+17,2.787183925445737915e+11,1.987177059898665175e+05,3.466076155158349440e+17
2.008000000000063445e-05,3.046381190379616964e+04,3.448880949664607360e+17,2.767032384281066895e+11,1.968309278392745764e+05,3.448883716699264000e+17
2.009000000000063605e-05,3.015151823348125254e+04,3.431787064317387520e+17,2.747045023286058655e+11,1.949639347349579621e+05,3.431789811364661760e+17
2.010000000000063765e-05,2.984266466520931499e+04,3.414791071723774720e+17,2.727220365465816345e+11,1.931165012270454608e+05,3.414793798946369280e+17
2.011000000000063925e-05,2.953721068533692596e+04,3.397892336327376000e+17,2.707556948315401001e+11,1.912884046288237150e+05,3.397895043886533120e+17
2.012000000000064084e-05,2.923511628811841365e+04,3.381090227184650880e+17,2.688053323665957947e+11,1.894794249805668951e+05,3.381092915240161920e+17
2.013000000000064244e-05,2.893634196895722562e+04,3.364384117928003840e+17,2.668708057532877502e+11,1.876893450138821208e+05,3.364386786638227840e+17
2.014000000000064404e-05,2.864084871774501516e+04,3.347773386729068800e+17,2.649519729965625305e+11,1.859179501165377151e+05,3.347776036250944640e+17
2.015000000000064564e-05,2.834859801229702862e+04,3.331257416262222080e+17,2.630486934899090576e+11,1.841650282977891911e+05,3.331260046751282560e+17
2.016000000000064724e-05,2.805955181188234928e+04,3.314835593668616960e+17,2.611608280006950989e+11,1.824303701541822229e+05,3.314838205279001600e+17
2.017000000000064884e-05,2.777367255084087810e+04,3.298507310520487680e+17,2.592882386556452332e+11,1.807137688358271262e+05,3.298509903404959360e+17
2.018000000000065043e-05,2.749092313228972853e+04,3.282271962785548800e+17,2.574307889264845581e+11,1.790150200131433958e+05,3.282274537095503360e+17
2.019000000000065203e-05,2.721126692192150585e+04,3.266128950792030080e+17,2.555883436157701416e+11,1.773339218440649274e+05,3.266131506677511680e+17
2.020000000000065363e-05,2.693466774188673662e+04,3.250077679193833600e+17,2.537607688428433838e+11,1.756702749416973675e+05,3.250080216803548160e+17
2.021000000000065523e-05,2.666108986476051723e+04,3.234117556935975040e+17,2.519479320299805908e+11,1.740238823424186849e+05,3.234120076417302400e+17
2.022000000000065683e-05,2.639049800759681602e+04,3.218247997220382720e+17,2.501497018886701660e+11,1.723945494744261669e+05,3.218250498719389440e+17
2.023000000000065843e-05,2.612285732606374950e+04,3.202468417472102400e+17,2.483659484060636597e+11,1.707820841267123178e+05,3.202470901133555200e+17
2.024000000000066002e-05,2.585813340865941063e+04,3.186778239305535360e+17,2.465965428315745850e+11,1.691862964184727753e+05,3.186780705272914560e+17
2.025000000000066162e-05,2.559629227101194192e+04,3.171176888491235840e+17,2.448413576636200562e+11,1.676069987689281988e+05,3.171179336906744320e+17
2.026000000000066322e-05,2.533730035025522375e+04,3.155663794922806400e+17,2.431002666365292969e+11,1.660440058675699402e+05,3.155666225927386240e+17
2.027000000000066482e-05,2.508112449948593712e+04,3.140238392584254080e+17,2.413731447075794678e+11,1.644971346448082477e+05,3.140240806317596800e+17
2.028000000000066642e-05,2.482773198229460104e+04,3.124900119517378560e+17,2.396598680441990051e+11,1.629662042430250149e+05,3.124902516117936640e+17
2.029000000000066802e-05,2.457709046737585595e+04,3.109648417789815040e+17,2.379603140112901306e+11,1.614510359880257456e+05,3.109650797394815360e+17
2.030000000000066961e-05,2.432916802320995703e+04,3.094482733462951040e+17,2.362743611587165527e+11,1.599514533608803758e+05,3.094485096208405120e+17
2.031000000000067121e-05,2.408393311282200011e+04,3.079402516560343680e+17,2.346018892089218140e+11,1.584672819701531844e+05,3.079404862581061120e+17
2.032000000000067281e-05,2.384135458861172447e+04,3.064407221036593920e+17,2.329427790446858521e+11,1.569983495245081722e+05,3.064409550466193280e+17
2.033000000000067441e-05,2.360140168725267722e+04,3.049496304745944960e+17,2.312969126970198975e+11,1.555444858056948287e+05,3.049498617716863360e+17
2.034000000000067601e-05,2.336404402466764805e+04,3.034669229411712000e+17,2.296641733331944580e+11,1.541055226418960956e+05,3.034671526055219840e+17
2.035000000000067761e-05,2.312925159106825231e+04,3.019925460595737600e+17,2.280444452449158325e+11,1.526812938814492372e+05,3.019927741041948160e+17
2.036000000000067920e-05,2.289699474606551667e+04,3.005264467667927680e+17,2.264376138366023560e+11,1.512716353669126111e+05,3.005266732045808000e+17
2.037000000000068080e-05,2.266724421384755260e+04,2.990685723776552960e+17,2.248435656138414917e+11,1.498763849095041223e+05,2.990687972213934720e+17
2.038000000000068240e-05,2.243997107842435798e+04,2.976188705818247040e+17,2.232621881719177551e+11,1.484953822638684942e+05,2.976190938441838080e+17
2.039000000000068400e-05,2.221514677893627595e+04,2.961772894408600320e+17,2.216933701845225830e+11,1.471284691032022238e+05,2.961775111343995520e+17
2.040000000000068560e-05,2.199274310503074958e+04,2.947437773852955520e+17,2.201370013925460815e+11,1.457754889947083138e+05,2.947439975224647680e+17
2.041000000000068720e-05,2.177273219229827373e+04,2.933182832117418880e+17,2.185929725930321350e+11,1.444362873753919557e+05,2.933185018048807040e+17
2.042000000000068879e-05,2.155508651777478008e+04,2.919007560800032640e+17,2.170611756282185669e+11,1.431107115281755687e+05,2.919009731413435520e+17
2.043000000000069039e-05,2.133977889550331020e+04,2.904911455102458880e+17,2.155415033747343750e+11,1.417986105583496683e+05,2.904913610519123840e+17
2.044000000000069199e-05,2.112678247215750162e+04,2.890894013801521920e+17,2.140338497328917847e+11,1.404998353703299363e+05,2.890896154141635200e+17
2.045000000000069359e-05,2.091607072272733058e+04,2.876954739221432960e+17,2.125381096161104431e+11,1.392142386447417957e+05,2.876956864604130560e+17
2.046000000000069519e-05,2.070761744626086875e+04,2.863093137205852480e+17,2.110541789404590759e+11,1.379416748158082482e+05,2.863095247749228480e+17
2.047000000000069679e-05,2.050139676166491699e+04,2.849308717090476160e+17,2.095819546142957153e+11,1.366820000490384409e+05,2.849310812911594240e+17
2.048000000000069838e-05,2.029738310356398870e+04,2.835600991675644800e+17,2.081213345280529480e+11,1.354350722192324465e+05,2.835603072890547200e+17
2.049000000000069998e-05,2.009555121821811917e+04,2.821969477199456640e+17,2.066722175441103821e+11,1.342007508887710865e+05,2.821971543923175040e+17
2.050000000000070158e-05,1.989587615949077008e+04,2.808413693310770880e+17,2.052345034867908325e+11,1.329788972862005176e+05,2.808415745657334720e+17
2.051000000000070318e-05,1.969833328487792096e+04,2.794933163042721920e+17,2.038080931324634094e+11,1.317693742851075658e+05,2.794935201125168000e+17
2.052000000000070478e-05,1.950289825158745953e+04,2.781527412786315520e+17,2.023928881997618103e+11,1.305720463832852402e+05,2.781529436716697920e+17
2.053000000000070638e-05,1.930954701267371274e+04,2.768195972264358080e+17,2.009887913399012146e+11,1.293867796821630909e+05,2.768197982153758080e+17
2.054000000000070797e-05,1.911825581322426297e+04,2.754938374505391040e+17,1.995957061271097412e+11,1.282134418665321718e+05,2.754940370463925440e+17
2.055000000000070957e-05,1.892900118659939835e+04,2.741754155818214400e+17,1.982135370491648560e+11,1.270519021845319658e+05,2.741756137955044800e+17
2.056000000000071117e-05,1.874175995072004298e+04,2.728642855766130560e+17,1.968421894980270996e+11,1.259020314279054728e+05,2.728644824189472000e+17
2.057000000000071277e-05,1.855650920441168637e+04,2.715604017142027840e+17,1.954815697605889282e+11,1.247637019125278457e+05,2.715605971959158720e+17
2.058000000000071437e-05,1.837322632379159404e+04,2.702637185943011200e+17,1.941315850095105286e+11,1.236367874591852888e+05,2.702639127260281600e+17
2.059000000000071597e-05,1.819188895870869965e+04,2.689741911345727040e+17,1.927921432941648254e+11,1.225211633746192965e+05,2.689743839268567040e+17
2.060000000000071756e-05,1.801247502923231514e+04,2.676917745681788800e+17,1.914631535316901550e+11,1.214167064328221459e+05,2.676919660314718400e+17
2.061000000000071916e-05,1.783496272218711601e+04,2.664164244413321920e+17,1.901445254981262817e+11,1.203232948565835104e+05,2.664166145859958400e+17
2.062000000000072076e-05,1.765933048773501650e+04,2.651480966108646080e+17,1.888361698196479492e+11,1.192408082992801355e+05,2.651482854471713280e+17
2.063000000000072236e-05,1.748555703600266861e+04,2.638867472418479680e+17,1.875379979639115601e+11,1.181691278269130416e+05,2.638869347799815680e+17
2.064000000000072396e-05,1.731362133375678968e+04,2.626323328051915840e+17,1.862499222314730835e+11,1.171081359003833786e+05,2.626325190552482560e+17
2.065000000000072556e-05,1.714350260112396427e+04,2.613848100753081280e+17,1.849718557473252869e+11,1.160577163580031774e+05,2.613849950472970880e+17
2.066000000000072715e-05,1.697518030835238824e+04,2.601441361277503040e+17,1.837037124525007935e+11,1.150177543982406205e+05,2.601443198315947200e+17
2.067000000000072875e-05,1.680863417261987706e+04,2.589102683369111360e+17,1.824454070957929688e+11,1.139881365626936895e+05,2.589104507824490240e+17
2.068000000000073035e-05,1.664384415488406739e+04,2.576831643737042880e+17,1.811968552255426636e+11,1.129687507192922494e+05,2.576833455706891200e+17
2.069000000000073195e-05,1.648079045677523754e+04,2.564627822033083200e+17,1.799579731815380859e+11,1.119594860457220348e+05,2.564629621614099520e+17
2.070000000000073355e-05,1.631945351753049363e+04,2.552490800828748800e+17,1.787286780869766541e+11,1.109602330130670598e+05,2.552492588116802560e+17
2.071000000000073515e-05,1.615981401096969239e+04,2.540420165593110720e+17,1.775088878405492249e+11,1.099708833696763904e+05,2.540421940683250560e+17
2.072000000000073674e-05,1.600185284251218218e+04,2.528415504670452800e+17,1.762985211085681763e+11,1.089913301252330712e+05,2.528417267656913920e+17
2.073000000000073834e-05,1.584555114623293230e+04,2.516476409258200640e+17,1.750974973172189636e+11,1.080214675350443868e+05,2.516478160234412480e+17
2.074000000000073994e-05,1.569089028195969331e+04,2.504602473385167360e+17,1.739057366448758545e+11,1.070611910845389066e+05,2.504604212443761280e+17
2.075000000000074154e-05,1.553785183240687547e+04,2.492793293889692800e+17,1.727231600145014648e+11,1.061103974739600089e+05,2.492795021122509440e+17
2.076000000000074314e-05,1.538641760035051630e+04,2.481048470398346240e+17,1.715496890861407471e+11,1.051689846032749338e+05,2.481050185896442880e+17
2.077000000000074473e-05,1.523656960583836371e+04,2.469367605304525760e+17,1.703852462494782104e+11,1.042368515572707402e+05,2.469369309158182720e+17
2.078000000000074633e-05,1.508829008343933128e+04,2.457750303747223680e+17,1.692297546164948425e+11,1.033138985908545292e+05,2.457751996045954240e+17
2.079000000000074793e-05,1.494156147952948413e+04,2.446196173590228160e+17,1.680831380141899109e+11,1.024000271145479346e+05,2.446197854422781760e+17
2.080000000000074953e-05,1.479636644961318416e+04,2.434704825401187840e+17,1.669453209773913879e+11,1.014951396801668889e+05,2.434706494855560640e+17
2.081000000000075113e-05,1.465268785568181011e+04,2.423275872431148480e+17,1.658162287416357422e+11,1.005991399666962534e+05,2.423277530594588480e+17
2.082000000000075273e-05,1.451050876360576331e+04,2.411908930594028800e+17,1.646957872361368103e+11,9.971193276634634822e+04,2.411910577553043200e+17
2.083000000000075432e-05,1.436981244056296237e+04,2.400603618446281280e+17,1.635839230768081360e+11,9.883342397079426155e+04,2.400605254286644160e+17
2.084000000000075592e-05,1.423058235250063990e+04,2.389359557166892480e+17,1.624805635593895569e+11,9.796352055760570511e+04,2.389361181973649920e+17
2.085000000000075752e-05,1.409280216163172918e+04,2.378176370537519360e+17,1.613856366526280823e+11,9.710213057683588704e+04,2.378177984394997440e+17
2.086000000000075912e-05,1.395645572396305579e+04,2.367053684922504640e+17,1.602990709915320740e+11,9.624916313780483324e+04,2.367055287914316480e+17
2.087000000000076072e-05,1.382152708685899233e+04,2.355991129249458880e+17,1.592207958707153625e+11,9.540452839604740439e+04,2.355992721458509760e+17
2.088000000000076232e-05,1.368800048663497000e+04,2.344988334989745920e+17,1.581507412377847290e+11,9.456813754043285735e+04,2.344989916498240960e+17
2.089000000000076391e-05,1.355586034618399026e+04,2.334044936139193280e+17,1.570888376868326111e+11,9.373990278045377636e+04,2.334046507028643200e+17
2.090000000000076551e-05,1.342509127263558548e+04,2.323160569199043200e+17,1.560350164519704895e+11,9.291973733368318062e+04,2.323162129550271360e+17
2.091000000000076711e-05,1.329567805504393982e+04,2.312334873156910080e+17,1.549892094009432678e+11,9.210755541338995681e+04,2.312336423050057920e+17
2.092000000000076871e-05,1.316760566210851357e+04,2.301567489468073600e+17,1.539513490288178711e+11,9.130327221632283181e+04,2.301569028982608320e+17
2.093000000000077031e-05,1.304085923992286735e+04,2.290858062036673280e+17,1.529213684517249146e+11,9.050680391064786818e+04,2.290859591251393280e+17
2.094000000000077191e-05,1.291542410975552775e+04,2.280206237197408320e+17,1.518992014006870117e+11,8.971806762404926121e+04,2.280207756190448960e+17
2.095000000000077350e-05,1.279128576585900737e+04,2.269611663697127360e+17,1.508847822154916077e+11,8.893698143197855097e+04,2.269613172545966720e+17
2.096000000000077510e-05,1.266842987330658798e+04,2.259073992676504000e+17,1.498780458386441956e+11,8.816346434606038383e+04,2.259075491457970560e+17
2.097000000000077670e-05,1.254684226586096520e+04,2.248592877652247680e+17,1.488789278093826294e+11,8.739743630265208776e+04,2.248594366442525120e+17
2.098000000000077830e-05,1.242650894386765322e+04,2.238167974499036160e+17,1.478873642577519836e+11,8.663881815154403739e+04,2.238169453373669120e+17
2.099000000000077990e-05,1.230741607217792625e+04,2.227798941431795840e+17,1.469032918987453918e+11,8.588753164481371641e+04,2.227800410465696960e+17
2.100000000000078150e-05,1.218954997809917040e+04,2.217485438988170240e+17,1.459266480265073547e+11,8.514349942582235963e+04,2.217486898255624000e+17
2.101000000000078309e-05,1.207289714937104145e+04,2.207227130011067520e+17,1.449573705086013489e+11,8.440664501835369447e+04,2.207228579585737280e+17
2.102000000000078469e-05,1.195744423216981158e+04,2.197023679631280640e+17,1.439953977803276672e+11,8.367689281589169696e+04,2.197025119586215040e+17
2.103000000000078629e-05,1.184317802913833839e+04,2.186874755250418880e+17,1.430406688391178284e+11,8.295416807104297914e+04,2.186876185658055040e+17
2.104000000000078789e-05,1.173008549744043557e+04,2.176780026523734080e+17,1.420931232389745483e+11,8.223839688508851395e+04,2.176781447455906240e+17
2.105000000000078949e-05,1.161815374684429298e+04,2.166739165343481600e+17,1.411527010849779053e+11,8.152950619767658645e+04,2.166740576871424000e+17
2.106000000000079109e-05,1.150737003782714964e+04,2.156751845821959040e+17,1.402193430278511353e+11,8.082742377664540254e+04,2.156753248016312960e+17
2.107000000000079268e-05,1.139772177970738085e+04,2.146817744274977920e+17,1.392929902585759277e+11,8.013207820797777094e+04,2.146819137205795840e+17
2.108000000000079428e-05,1.128919652880047943e+04,2.136936539205401280e+17,1.383735845030734253e+11,7.944339888588747999e+04,2.136937922942153920e+17
2.109000000000079588e-05,1.118178198659846385e+04,2.127107911286800640e+17,1.374610680169389954e+11,7.876131600302996230e+04,2.127109285898380160e+17
2.110000000000079748e-05,1.107546599797439558e+04,2.117331543347291520e+17,1.365553835802290649e+11,7.808576054084171483e+04,2.117332908902018880e+17
2.111000000000079908e-05,1.097023654940814777e+04,2.107607120353333440e+17,1.356564744923054657e+11,7.741666426000130014e+04,2.107608476918962240e+17
2.112000000000080068e-05,1.086608176723890574e+04,2.097934329394027840e+17,1.347642845667410583e+11,7.675395969101802621e+04,2.097935677037750080e+17
2.113000000000080227e-05,1.076298991593688515e+04,2.088312859664996800e+17,1.338787581262598419e+11,7.609758012493532442e+04,2.088314198453446400e+17
2.114000000000080387e-05,1.066094939639969743e+04,2.078742402453035200e+17,1.329998399977605896e+11,7.544745960415773152e+04,2.078743732452296320e+17
2.115000000000080547e-05,1.055994874427061768e+04,2.069222651120296960e+17,1.321274755073583527e+11,7.480353291339539282e+04,2.069223972395905920e+17
2.116000000000080707e-05,1.045997662827801105e+04,2.059753301089037120e+17,1.312616104755091858e+11,7.416573557072124095e+04,2.059754613705988160e+17
2.117000000000080867e-05,1.036102184859691079e+04,2.050334049826203840e+17,1.304021912121631012e+11,7.353400381874588493e+04,2.050335353848954880e+17
2.118000000000081027e-05,1.026307333523302259e+04,2.040964596828346880e+17,1.295491645119822388e+11,7.290827461590681924e+04,2.040965892320823680e+17
2.119000000000081186e-05,1.016612014642471513e+04,2.031644643606506880e+17,1.287024776496039734e+11,7.228848562786332332e+04,2.031645930632108160e+17
2.120000000000081346e-05,1.007015146706979613e+04,2.022373893671348480e+17,1.278620783749538116e+11,7.167457521900841675e+04,2.022375172292949760e+17
2.121000000000081506e-05,9.975156607168524715e+03,2.013152052518265600e+17,1.270279149086036682e+11,7.106648244408250321e+04,2.013153322798225280e+17
2.122000000000081666e-05,9.881125000290967364e+03,2.003978827612789440e+17,1.261999359371930542e+11,7.046414703989974805e+04,2.003980089612952320e+17
2.123000000000081826e-05,9.788046202060464566e+03,1.994853928375980800e+17,1.253780906088777313e+11,6.986750941717599926e+04,1.994855182157683520e+17
2.124000000000081986e-05,9.695909888659714852e+03,1.985777066169954880e+17,1.245623285288422089e+11,6.927651065246325743e+04,1.985778311794030080e+17
2.125000000000082145e-05,9.604705855353946390e+03,1.976747954283562880e+17,1.237525997548524323e+11,6.869109248018496146e+04,1.976749191810343360e+17
2.126000000000082305e-05,9.514424015035016055e+03,1.967766307918205440e+17,1.229488547928560333e+11,6.811119728477470926e+04,1.967767537407529280e+17
2.127000000000082465e-05,9.425054396783138145e+03,1.958831844173703360e+17,1.221510445926296997e+11,6.753676809291268000e+04,1.958833065684919360e+17
2.128000000000082625e-05,9.336587144447565151e+03,1.949944282034318080e+17,1.213591205434666901e+11,6.696774856586186797e+04,1.949945495626286720e+17
2.129000000000082785e-05,9.249012515245638497e+03,1.941103342354855360e+17,1.205730344699174194e+11,6.640408299190178514e+04,1.941104548085956480e+17
2.130000000000082945e-05,9.162320878379923670e+03,1.932308747846955200e+17,1.197927386275727386e+11,6.584571627885865746e+04,1.932309945775091520e+17
2.131000000000083104e-05,9.076502713672960454e+03,1.923560223065356480e+17,1.190181856988823242e+11,6.529259394672801864e+04,1.923561413247957120e+17
2.132000000000083264e-05,8.991548610220546834e+03,1.914857494394444800e+17,1.182493287890281982e+11,6.474466212039313541e+04,1.914858676888470080e+17
2.133000000000083424e-05,8.907449265060113248e+03,1.906200290034795520e+17,1.174861214218360596e+11,6.420186752243419323e+04,1.906201464896740480e+17
2.134000000000083584e-05,8.824195481859105712e+03,1.897588339989750720e+17,1.167285175357248993e+11,6.366415746602944273e+04,1.897589507275651200e+17
2.135000000000083744e-05,8.741778169618524771e+03,1.889021376052379840e+17,1.159764714797103577e+11,6.313147984794525109e+04,1.889022535817813440e+17
2.136000000000083904e-05,8.660188341392649818e+03,1.880499131792153920e+17,1.152299380094349060e+11,6.260378314161465823e+04,1.880500284092246720e+17
2.137000000000084063e-05,8.579417113027000596e+03,1.872021342542177280e+17,1.144888722832506256e+11,6.208101639030339720e+04,1.872022487431606720e+17
2.138000000000084223e-05,8.499455701910890639e+03,1.863587745386108160e+17,1.137532298583401794e+11,6.156312920036408468e+04,1.863588882919107520e+17
2.139000000000084383e-05,8.420295425746669935e+03,1.855198079145395520e+17,1.130229666868726044e+11,6.105007173457062891e+04,1.855199209375757120e+17
2.140000000000084543e-05,8.341927701334858284e+03,1.846852084366627200e+17,1.122980391122017212e+11,6.054179470554149157e+04,1.846853207347707200e+17
2.141000000000084703e-05,8.264344043374341709e+03,1.838549503308916800e+17,1.115784038651114960e+11,6.003824936924338544e+04,1.838550619093638400e+17
2.142000000000084863e-05,8.187536063278033907e+03,1.830290079931371840e+17,1.108640180600861664e+11,5.953938751857583702e+04,1.830291188572229760e+17
2.143000000000085022e-05,8.111495468004536633e+03,1.822073559880770240e+17,1.101548391916296692e+11,5.904516147703926254e+04,1.822074661429833600e+17
2.144000000000085182e-05,8.036214058903019577e+03,1.813899690479192320e+17,1.094508251306199646e+11,5.855552409247880132e+04,1.813900784988109440e+17
2.145000000000085342e-05,7.961683730574624860e+03,1.805768220711905600e+17,1.087519341207004700e+11,5.807042873091016372e+04,1.805769308231907200e+17
2.146000000000085502e-05,7.887896469747538504e+03,1.797678901215154880e+17,1.080581247747058411e+11,5.758982927041999938e+04,1.797679981797057280e+17
2.147000000000085662e-05,7.814844354165936238e+03,1.789631484264253760e+17,1.073693560711307678e+11,5.711368009514331789e+04,1.789632557958463680e+17
2.148000000000085822e-05,7.742519551494307052e+03,1.781625723761668480e+17,1.066855873506328278e+11,5.664193608931951894e+04,1.781626790618185920e+17
2.149000000000085981e-05,7.670914318234710663e+03,1.773661375225144960e+17,1.060067783125659180e+11,5.617455263141702017e+04,1.773662435293566400e+17
2.150000000000086141e-05,7.600020998658046665e+03,1.765738195776058240e+17,1.053328890115575256e+11,5.571148558833559218e+04,1.765739249105581760e+17
2.151000000000086301e-05,7.529832023749133441e+03,1.757855944127700160e+17,1.046638798541158752e+11,5.525269130968004902e+04,1.757856990767126400e+17
2.152000000000086461e-05,7.460339910165586844e+03,1.750014380573878400e+17,1.039997115952742310e+11,5.479812662210509006e+04,1.750015420571616640e+17
2.153000000000086621e-05,7.391537259208567775e+03,1.742213266977344320e+17,1.033403453352672272e+11,5.434774882373026776e+04,1.742214300381415040e+17
2.154000000000086781e-05,7.323416755807774280e+03,1.734452366758508800e+17,1.026857425162449036e+11,5.390151567862511729e+04,1.734453393616546240e+17
2.155000000000086940e-05,7.255971167519222035e+03,1.726731444884169600e+17,1.020358649190170746e+11,5.345938541136335698e+04,1.726732465243426240e+17
2.156000000000087100e-05,7.189193343535076565e+03,1.719050267856363200e+17,1.013906746598306580e+11,5.302131670164314710e+04,1.719051281763712000e+17
2.157000000000087260e-05,7.123076213706799535e+03,1.711408603701194560e+17,1.007501341871862183e+11,5.258726867897708871e+04,1.711409611203133440e+17
2.158000000000087420e-05,7.057612787579846554e+03,1.703806221957965120e+17,1.001142062786762695e+11,5.215720091744420642e+04,1.703807223100620160e+17
2.159000000000087580e-05,6.992796153441214301e+03,1.696242893668187840e+17,9.948285403786593628e+10,5.173107343051181670e+04,1.696243888497315840e+17
2.160000000000087740e-05,6.928619477378781085e+03,1.688718391364733440e+17,9.885604089120280457e+10,5.130884666591750283e+04,1.688719379925724800e+17
2.161000000000087899e-05,6.865076002352467185e+03,1.681232489061194880e+17,9.823373058495085144e+10,5.089048150061610795e+04,1.681233471399078400e+17
2.162000000000088059e-05,6.802159047277457830e+03,1.673784962241162240e+17,9.761588718216778564e+10,5.047593923578992690e+04,1.673785938400606720e+17
2.163000000000088219e-05,6.739862006118060890e+03,1.666375587847645120e+17,9.700247505970407104e+10,5.006518159192000894e+04,1.666376557872964160e+17
2.164000000000088379e-05,6.678178346994529420e+03,1.659004144272637760e+17,9.639345890523631287e+10,4.965817070391879679e+04,1.659005108207790400e+17
2.165000000000088539e-05,6.617101611299592150e+03,1.651670411346696320e+17,9.578880371432841492e+10,4.925486911632159172e+04,1.651671369235292160e+17
2.166000000000088699e-05,6.556625412826905631e+03,1.644374170328579840e+17,9.518847478752806091e+10,4.885523977853915858e+04,1.644375122213881920e+17
2.167000000000088858e-05,6.496743436910478522e+03,1.637115203895068800e+17,9.459243772748348999e+10,4.845924604016802914e+04,1.637116149819995520e+17
2.168000000000089018e-05,6.437449439574465941e+03,1.629893296130760960e+17,9.400065843609802246e+10,4.806685164635853289e+04,1.629894236137890240e+17
2.169000000000089178e-05,6.378737246694034184e+03,1.622708232518046400e+17,9.341310311171089172e+10,4.767802073324024241e+04,1.622709166649617920e+17
2.170000000000089338e-05,6.320600753166823779e+03,1.615559799927009920e+17,9.282973824630368042e+10,4.729271782340414211e+04,1.615560728224928640e+17
2.171000000000089498e-05,6.263033922094360605e+03,1.608447786605638720e+17,9.225053062273851013e+10,4.691090782143888646e+04,1.608448709111476800e+17
2.172000000000089658e-05,6.206030783974209953e+03,1.601371982169869120e+17,9.167544731202230835e+10,4.653255600952329405e+04,1.601372898924869760e+17
2.173000000000089817e-05,6.149585435901416531e+03,1.594332177593829760e+17,9.110445567060035706e+10,4.615762804307246552e+04,1.594333088638909440e+17
2.174000000000089977e-05,6.093692040781546893e+03,1.587328165200260800e+17,9.053752333767674255e+10,4.578608994643812912e+04,1.587329070576012800e+17
2.175000000000090137e-05,6.038344826551756341e+03,1.580359738650740480e+17,8.997461823255673218e+10,4.541790810865993262e+04,1.580360638397437440e+17
2.176000000000090297e-05,5.983538085412440523e+03,1.573426692936246720e+17,8.941570855202671814e+10,4.505304927927061362e+04,1.573427587093842560e+17
2.177000000000090457e-05,5.929266173069219803e+03,1.566528824367682240e+17,8.886076276775352478e+10,4.469148056415262545e+04,1.566529712975816000e+17
2.178000000000090617e-05,5.875523507982510637e+03,1.559665930566439040e+17,8.830974962370423889e+10,4.433316942144284985e+04,1.559666813664437440e+17
2.179000000000090776e-05,5.822304570628388319e+03,1.552837810455120640e+17,8.776263813360682678e+10,4.397808365749064251e+04,1.552838688082000000e+17
2.180000000000090936e-05,5.769603902767460568e+03,1.546044264248296640e+17,8.721939757842509460e+10,4.362619142286402348e+04,1.546045136442766080e+17
2.181000000000091096e-05,5.717416106723288976e+03,1.539285093443283520e+17,8.667999750385879517e+10,4.327746120840373624e+04,1.539285960243748480e+17
2.182000000000091256e-05,5.665735844669513426e+03,1.532560100811074560e+17,8.614440771787680054e+10,4.293186184132620838e+04,1.532560962255637760e+17
2.183000000000091416e-05,5.614557837926369757e+03,1.525869090387325440e+17,8.561259828826727295e+10,4.258936248137519578e+04,1.525869946513790400e+17
2.184000000000091576e-05,5.563876866265660283e+03,1.519211867463393600e+17,8.508453954021815491e+10,4.224993261701820302e+04,1.519212718309267200e+17
2.185000000000091735e-05,5.513687767223842457e+03,1.512588238577369920e+17,8.456020205391470337e+10,4.191354206169035024e+04,1.512589084179864640e+17
2.186000000000091895e-05,5.463985435424830939e+03,1.505998011505327680e+17,8.403955666217028809e+10,4.158016095008431876e+04,1.505998851901364800e+17
2.187000000000092055e-05,5.414764821909513557e+03,1.499440995252577600e+17,8.352257444807386780e+10,4.124975973448396689e+04,1.499441830478788800e+17
2.188000000000092215e-05,5.366020933475716447e+03,1.492917000044919360e+17,8.300922674266270447e+10,4.092230918114443193e+04,1.492917830137649920e+17
2.189000000000092375e-05,5.317748832024255535e+03,1.486425837320072640e+17,8.249948512262019348e+10,4.059778036671480368e+04,1.486426662315383040e+17
2.190000000000092535e-05,5.269943633914618658e+03,1.479967319719099200e+17,8.199332140799612427e+10,4.027614467470379168e+04,1.479968139652768960e+17
2.191000000000092694e-05,5.222600509327554391e+03,1.473541261077925760e+17,8.149070765994718933e+10,3.995737379199072166e+04,1.473542075985454080e+17
2.192000000000092854e-05,5.175714681636443856e+03,1.467147476418923520e+17,8.099161617850277710e+10,3.964143970537537098e+04,1.467148286335533760e+17
2.193000000000093014e-05,5.129281426785645635e+03,1.460785781942565120e+17,8.049601950035234070e+10,3.932831469817231118e+04,1.460786586903204480e+17
2.194000000000093174e-05,5.083296072676939730e+03,1.454455995019083200e+17,8.000389039665469360e+10,3.901797134684534831e+04,1.454456795058428160e+17
2.195000000000093334e-05,5.037753998563629466e+03,1.448157934180264640e+17,7.951520187086791992e+10,3.871038251768183545e+04,1.448158729332720640e+17
2.196000000000093494e-05,4.992650634451839323e+03,1.441891419111361920e+17,7.902992715660246277e+10,3.840552136350946239e+04,1.441892209411067520e+17
2.197000000000093653e-05,4.947981460509285171e+03,1.435656270642840800e+17,7.854803971549659729e+10,3.810336132045019622e+04,1.435657056123668320e+17
2.198000000000093813e-05,4.903742006481365934e+03,1.429452310742489600e+17,7.806951323510923767e+10,3.780387610471477819e+04,1.429453091438048960e+17
2.199000000000093973e-05,4.859927851114465739e+03,1.423279362507354240e+17,7.759432162683750916e+10,3.750703970943576860e+04,1.423280138450994240e+17
2.200000000000094133e-05,4.816534621586356479e+03,1.417137250155870880e+17,7.712243902385212708e+10,3.721282640153794637e+04,1.417138021380681440e+17
2.201000000000094293e-05,4.773557992943141471e+03,1.411025799019912480e+17,7.665383977905603027e+10,3.692121071864756232e+04,1.411026565558727200e+17
2.202000000000094453e-05,4.730993687543979831e+03,1.404944835537140320e+17,7.618849846305989075e+10,3.663216746603746287e+04,1.404945597422538720e+17
2.203000000000094612e-05,4.688837474512133667e+03,1.398894187243165600e+17,7.572638986218034363e+10,3.634567171361010696e+04,1.398894944507474560e+17
2.204000000000094772e-05,4.647085169192418107e+03,1.392873682763901440e+17,7.526748897645771790e+10,3.606169879291589314e+04,1.392874435439198240e+17
2.205000000000094932e-05,4.605732632615967304e+03,1.386883151807950240e+17,7.481177101769302368e+10,3.578022429420825938e+04,1.386883899926064320e+17
2.206000000000095092e-05,4.564775770970994927e+03,1.380922425159026400e+17,7.435921140750067139e+10,3.550122406353238330e+04,1.380923168751541120e+17
2.207000000000095252e-05,4.524210535080643240e+03,1.374991334668488640e+17,7.390978577538938904e+10,3.522467419985146989e+04,1.374992073766744000e+17
2.208000000000095412e-05,4.484032919886577474e+03,1.369089713247859200e+17,7.346346995685293579e+10,3.495055105220439873e+04,1.369090447882952960e+17
2.209000000000095571e-05,4.444238963938923007e+03,1.363217394861436640e+17,7.302023999148150635e+10,3.467883121689924883e+04,1.363218125064227680e+17
2.210000000000095731e-05,4.404824748893387550e+03,1.357374214519037120e+17,7.258007212109948730e+10,3.440949153474099876e+04,1.357374940320146560e+17
2.211000000000095891e-05,4.365786399013247319e+03,1.351560008268610720e+17,7.214294278790979004e+10,3.414250908828977845e+04,1.351560729698423680e+17
2.212000000000096051e-05,4.327120080677987971e+03,1.345774613189105760e+17,7.170882863266513062e+10,3.387786119915486779e+04,1.345775330277774080e+17
2.213000000000096211e-05,4.288822001898170129e+03,1.340017867383250080e+17,7.127770649285383606e+10,3.361552542531787185e+04,1.340018580160694080e+17
2.214000000000096371e-05,4.250888411835931947e+03,1.334289609970473120e+17,7.084955340090184021e+10,3.335547955849140271e+04,1.334290318466383360e+17
2.215000000000096530e-05,4.213315600331083260e+03,1.328589681079858880e+17,7.042434658239820862e+10,3.309770162150551914e+04,1.328590385323697760e+17
2.216000000000096690e-05,4.176099897433623482e+03,1.322917921843110720e+17,7.000206345433270264e+10,3.284216986572866881e+04,1.322918621864115520e+17
2.217000000000096850e-05,4.139237672941088022e+03,1.317274174387617280e+17,6.958268162335133362e+10,3.258886276851623188e+04,1.317274870214800800e+17
2.218000000000097010e-05,4.102725335942393940e+03,1.311658281829539840e+17,6.916617888402914429e+10,3.233775903069170818e+04,1.311658973491692960e+17
2.219000000000097170e-05,4.066559334366666917e+03,1.306070088267035200e+17,6.875253321716387939e+10,3.208883757405666256e+04,1.306070775792728960e+17
2.220000000000097330e-05,4.030736154537511084e+03,1.300509438773373120e+17,6.834172278808161163e+10,3.184207753893131667e+04,1.300510122190959680e+17
2.221000000000097489e-05,3.995252320733179204e+03,1.294976179390250240e+17,6.793372594496028137e+10,3.159745828172225811e+04,1.294976858727865760e+17
2.222000000000097649e-05,3.960104394751439031e+03,1.289470157121069120e+17,6.752852121716753387e+10,3.135495937252129806e+04,1.289470832406634560e+17
2.223000000000097809e-05,3.925288975480357749e+03,1.283991219924357120e+17,6.712608731362282562e+10,3.111456059273147912e+04,1.283991891185580640e+17
2.224000000000097969e-05,3.890802698473580676e+03,1.278539216707103360e+17,6.672640312116372681e+10,3.087624193272107368e+04,1.278539883971482240e+17
2.225000000000098129e-05,3.856642235531220649e+03,1.273113997318241280e+17,6.632944770293807220e+10,3.063998358950608599e+04,1.273114660613063200e+17
2.226000000000098288e-05,3.822804294286033382e+03,1.267715412542231840e+17,6.593520029680631256e+10,3.040576596446050826e+04,1.267716071894577120e+17
2.227000000000098448e-05,3.789285617793860183e+03,1.262343314092523840e+17,6.554364031376147461e+10,3.017356966105092579e+04,1.262343969529266720e+17
2.228000000000098608e-05,3.756082984129348006e+03,1.256997554605163680e+17,6.515474733636222839e+10,2.994337548260159747e+04,1.256998206152974080e+17
2.229000000000098768e-05,3.723193205987104648e+03,1.251677987632573280e+17,6.476850111718828583e+10,2.971516443008393981e+04,1.251678635317918880e+17
2.230000000000098928e-05,3.690613130286606520e+03,1.246384467637088960e+17,6.438488157729719543e+10,2.948891769993119306e+04,1.246385111486236640e+17
2.231000000000099088e-05,3.658339637782900354e+03,1.241116849984860640e+17,6.400386880471269226e+10,2.926461668188092153e+04,1.241117490023877920e+17
2.232000000000099247e-05,3.626369642681166169e+03,1.235874990939516640e+17,6.362544305291418457e+10,2.904224295684141907e+04,1.235875627194273920e+17
2.233000000000099407e-05,3.594700092256421158e+03,1.230658747656134400e+17,6.324958473934881592e+10,2.882177829478385684e+04,1.230659380152305920e+17
2.234000000000099567e-05,3.563327966477689188e+03,1.225467978175032960e+17,6.287627444395301056e+10,2.860320465265867097e+04,1.225468606938099200e+17
2.235000000000099727e-05,3.532250277636473584e+03,1.220302541415769120e+17,6.250549290769348907e+10,2.838650417233733242e+04,1.220303166471017440e+17
2.236000000000099887e-05,3.501464069980006116e+03,1.215162297171087680e+17,6.213722103111601257e+10,2.817165917857681416e+04,1.215162918543614720e+17
2.237000000000100047e-05,3.470966419348684667e+03,1.210047106100968480e+17,6.177143987291682434e+10,2.795865217700997891e+04,1.210047723815681440e+17
2.238000000000100206e-05,3.440754432817866473e+03,1.204956829726675200e+17,6.140813064851606750e+10,2.774746585215739469e+04,1.204957443808293600e+17
2.239000000000100366e-05,3.410825248344165175e+03,1.199891330424903360e+17,6.104727472865795135e+10,2.753808306546355016e+04,1.199891940897960160e+17
2.240000000000100526e-05,3.381176034415744198e+03,1.194850471421956480e+17,6.068885363801429749e+10,2.733048685335662958e+04,1.194851078310799840e+17
2.241000000000100686e-05,3.351803989706673747e+03,1.189834116787841760e+17,6.033284905380713654e+10,2.712466042532893698e+04,1.189834720116636960e+17
2.242000000000100846e-05,3.322706342735996714e+03,1.184842131430666400e+17,5.997924280444203186e+10,2.692058716204242592e+04,1.184842731223396960e+17
2.243000000000101006e-05,3.293880351530206099e+03,1.179874381090813920e+17,5.962801686815559387e+10,2.671825061345390350e+04,1.179874977371282720e+17
2.244000000000101165e-05,3.265323303290163949e+03,1.174930732335357440e+17,5.927915337167605591e+10,2.651763449696388125e+04,1.174931325127188960e+17
2.245000000000101325e-05,3.237032514061850179e+03,1.170011052552352960e+17,5.893263458889665985e+10,2.631872269558603512e+04,1.170011641878994400e+17
2.246000000000101485e-05,3.209005328411096343e+03,1.165115209945337920e+17,5.858844293956091309e+10,2.612149925613802407e+04,1.165115795830060800e+17
2.247000000000101645e-05,3.181239119102036966e+03,1.160243073527748480e+17,5.824656098796218872e+10,2.592594838745428206e+04,1.160243655993649440e+17
2.248000000000101805e-05,3.153731286779736820e+03,1.155394513117414880e+17,5.790697144165354156e+10,2.573205445861832777e+04,1.155395092187418080e+17
2.249000000000101965e-05,3.126479259656228351e+03,1.150569399331136320e+17,5.756965715017298889e+10,2.553980199721700410e+04,1.150569975027994400e+17
2.250000000000102124e-05,3.099480493200399906e+03,1.145767603579203360e+17,5.723460110377727509e+10,2.534917568761303119e+04,1.145768175925498880e+17
2.251000000000102284e-05,3.072732469831685194e+03,1.140988998060077440e+17,5.690178643219064331e+10,2.516016036924012224e+04,1.140989567078224160e+17
2.252000000000102444e-05,3.046232698617317055e+03,1.136233455755044640e+17,5.657119640336514282e+10,2.497274103491603455e+04,1.136234021467288800e+17
2.253000000000102604e-05,3.019978714973180104e+03,1.131500850422871360e+17,5.624281442225088501e+10,2.478690282917535296e+04,1.131501412851293600e+17
2.254000000000102764e-05,2.993968080368023038e+03,1.126791056594589760e+17,5.591662402958049011e+10,2.460263104662278784e+04,1.126791615761106080e+17
2.255000000000102924e-05,2.968198382031705023e+03,1.122103949568298080e+17,5.559260890066492462e+10,2.441991113030434644e+04,1.122104505494660960e+17
2.256000000000103083e-05,2.942667232666265136e+03,1.117439405403898720e+17,5.527075284419779968e+10,2.423872867009767651e+04,1.117439958111699040e+17
2.257000000000103243e-05,2.917372270160733024e+03,1.112797300918010240e+17,5.495103980107460022e+10,2.405906940112099983e+04,1.112797850428678080e+17
2.258000000000103403e-05,2.892311157309500231e+03,1.108177513678893760e+17,5.463345384322279358e+10,2.388091920216105063e+04,1.108178060013700000e+17
2.259000000000103563e-05,2.867481581533478675e+03,1.103579922001279520e+17,5.431797917243989563e+10,2.370426409411766144e+04,1.103580465181336960e+17
2.260000000000103723e-05,2.842881254605263166e+03,1.099004404941474880e+17,5.400460011924821472e+10,2.352909023846865239e+04,1.099004944987739840e+17
2.261000000000103883e-05,2.818507912376735476e+03,1.094450842292252960e+17,5.369330114175328827e+10,2.335538393574935981e+04,1.094451379225526080e+17
2.262000000000104042e-05,2.794359314510720196e+03,1.089919114577937920e+17,5.338406682451879883e+10,2.318313162405273397e+04,1.089919648418866080e+17
2.263000000000104202e-05,2.770433244215060768e+03,1.085409103049521120e+17,5.307688187745207214e+10,2.301231987754480724e+04,1.085409633818597600e+17
2.264000000000104362e-05,2.746727507980445353e+03,1.080920689679738080e+17,5.277173113469675446e+10,2.284293540499775190e+04,1.080921217397305440e+17
2.265000000000104522e-05,2.723239935320773384e+03,1.076453757158206400e+17,5.246859955353757477e+10,2.267496504833957806e+04,1.076454281844455840e+17
2.266000000000104682e-05,2.699968378517102792e+03,1.072008188886647360e+17,5.216747221331516266e+10,2.250839578122101739e+04,1.072008710561621600e+17
2.267000000000104842e-05,2.676910712364167921e+03,1.067583868974115360e+17,5.186833431435447693e+10,2.234321470759874865e+04,1.067584387657708640e+17
2.268000000000105001e-05,2.654064833920217552e+03,1.063180682232222400e+17,5.157117117689813232e+10,2.217940906033423744e+04,1.063181197944182560e+17
2.269000000000105161e-05,2.631428662259458179e+03,1.058798514170457600e+17,5.127596824005307770e+10,2.201696619980953619e+04,1.058799026930386400e+17
2.270000000000105321e-05,2.609000138227738717e+03,1.054437250991502240e+17,5.098271106074643707e+10,2.185587361255814540e+04,1.054437760818857440e+17
2.271000000000105481e-05,2.586777224200898672e+03,1.050096779586595360e+17,5.069138531269007111e+10,2.169611890991208202e+04,1.050097286500691360e+17
2.272000000000105641e-05,2.564757903846058980e+03,1.045776987530931360e+17,5.040197678535796356e+10,2.153768982666416559e+04,1.045777491550940160e+17
2.273000000000105801e-05,2.542940181885565835e+03,1.041477763079101760e+17,5.011447138297128296e+10,2.138057421974616227e+04,1.041478264224054720e+17
2.274000000000105960e-05,2.521322083863757598e+03,1.037198995160511040e+17,4.982885512349076843e+10,2.122476006692052397e+04,1.037199493449299840e+17
2.275000000000106120e-05,2.499901655916691197e+03,1.032940573374946400e+17,4.954511413762432098e+10,2.107023546548940067e+04,1.032941068826323520e+17
2.276000000000106280e-05,2.478676964544204111e+03,1.028702387988062880e+17,4.926323466783706665e+10,2.091698863101574898e+04,1.028702880620643520e+17
2.277000000000106440e-05,2.457646096384858538e+03,1.024484329926921760e+17,4.898320306737717438e+10,2.076500789606167746e+04,1.024484819759184800e+17
2.278000000000106600e-05,2.436807157993372584e+03,1.020286290775651520e+17,4.870500579930607605e+10,2.061428170893861898e+04,1.020286777825939840e+17
2.279000000000106760e-05,2.416158275620892709e+03,1.016108162770999040e+17,4.842862943554075623e+10,2.046479863247369212e+04,1.016108647057522240e+17
2.280000000000106919e-05,2.395697594997623582e+03,1.011949838798068000e+17,4.815406065590373230e+10,2.031654734278927936e+04,1.011950320338901760e+17
2.281000000000107079e-05,2.375423281117957686e+03,1.007811212385953440e+17,4.788128624718109894e+10,2.016951662809614209e+04,1.007811691199041280e+17
2.282000000000107239e-05,2.355333518028214712e+03,1.003692177703447520e+17,4.761029310219234467e+10,2.002369538750140055e+04,1.003692653806602240e+17
2.283000000000107399e-05,2.335426508616917999e+03,9.995926295548526400e+16,4.734106821886526489e+10,1.987907262982839165e+04,9.995931029657569600e+16
2.284000000000107559e-05,2.315700474407507954e+03,9.955124633757412800e+16,4.707359869932266235e+10,1.973563747245160630e+04,9.955129341119488000e+16
2.285000000000107719e-05,2.296153655353140039e+03,9.914515752287302400e+16,4.680787174897468567e+10,1.959337914014364287e+04,9.914520433076667200e+16
2.286000000000107878e-05,2.276784309634294459e+03,9.874098617993966400e+16,4.654387467562326813e+10,1.945228696393572318e+04,9.874103272383606400e+16
2.287000000000108038e-05,2.257590713458475875e+03,9.833872203920622400e+16,4.628159488857067871e+10,1.931235037999102497e+04,9.833876832082268800e+16
2.288000000000108198e-05,2.238571160862465149e+03,9.793835489258099200e+16,4.602101989774073029e+10,1.917355892849081647e+04,9.793840091362230400e+16
2.289000000000108358e-05,2.219723963516481490e+03,9.753987459303169600e+16,4.576213731280502319e+10,1.903590225253333119e+04,9.753992035519027200e+16
2.290000000000108518e-05,2.201047450531119921e+03,9.714327105418612800e+16,4.550493484231748962e+10,1.889937009704416414e+04,9.714331655914208000e+16
2.291000000000108678e-05,2.182539968266120013e+03,9.674853424993396800e+16,4.524940029286019135e+10,1.876395230770068883e+04,9.674857949935520000e+16
2.292000000000108837e-05,2.164199880141411086e+03,9.635565421402169600e+16,4.499552156819205475e+10,1.862963882986645331e+04,9.635569920956404800e+16
2.293000000000108997e-05,2.146025566450716724e+03,9.596462103966795200e+16,4.474328666841167450e+10,1.849641970754021168e+04,9.596466578297526400e+16
2.294000000000109157e-05,2.128015424176665874e+03,9.557542487915985600e+16,4.449268368912115479e+10,1.836428508231359592e+04,9.557546937186404800e+16
2.295000000000109317e-05,2.110167866808684721e+03,9.518805594347507200e+16,4.424370082060404968e+10,1.823322519234390711e+04,9.518810018719624000e+16
2.296000000000109477e-05,2.092481324162509281e+03,9.480250450188440000e+16,4.399632634700497437e+10,1.810323037133552134e+04,9.480254849823094400e+16
2.297000000000109637e-05,2.074954242202225487e+03,9.441876088157865600e+16,4.375054864552266693e+10,1.797429104753485080e+04,9.441880463214734400e+16
2.298000000000109796e-05,2.057585082863804018e+03,9.403681546728128000e+16,4.350635618560660553e+10,1.784639774273539297e+04,9.403685897365737600e+16
2.299000000000109956e-05,2.040372323881108741e+03,9.365665870086768000e+16,4.326373752816167450e+10,1.771954107129437762e+04,9.365670196462497600e+16
2.300000000000110116e-05,2.023314458614028808e+03,9.327828108100033600e+16,4.302268132476215363e+10,1.759371173916066618e+04,9.327832410370128000e+16
2.301000000000110276e-05,2.006409995877944993e+03,9.290167316274435200e+16,4.278317631687030792e+10,1.746890054291286287e+04,9.290171594594014400e+16
2.302000000000110436e-05,1.989657459775802408e+03,9.252682555720516800e+16,4.254521133506375122e+10,1.734509836880897637e+04,9.252686810243582400e+16
2.303000000000110596e-05,1.973055389531877381e+03,9.215372893115900800e+16,4.230877529827053833e+10,1.722229619184628245e+04,9.215377123995348800e+16
2.304000000000110755e-05,1.956602339327287609e+03,9.178237400668454400e+16,4.207385721300960541e+10,1.710048507483165668e+04,9.178241608056081600e+16
2.305000000000110915e-05,1.940296878137785143e+03,9.141275156080856000e+16,4.184044617264033508e+10,1.697965616746278829e+04,9.141279340127364800e+16
2.306000000000111075e-05,1.924137589572938850e+03,9.104485242513828800e+16,4.160853135661613464e+10,1.685980070541896566e+04,9.104489403368843200e+16
2.307000000000111235e-05,1.908123071717546281e+03,9.067866748550905600e+16,4.137810202974784088e+10,1.674091000946229542e+04,9.067870886362972800e+16
2.308000000000111395e-05,1.892251936974729688e+03,9.031418768162873600e+16,4.114914754147219086e+10,1.662297548454956268e+04,9.031422883079478400e+16
2.309000000000111555e-05,1.876522811910796008e+03,8.995140400672704000e+16,4.092165732512848663e+10,1.650598861895293885e+04,8.995144492840275200e+16
2.310000000000111714e-05,1.860934337101801702e+03,8.959030750720260800e+16,4.069562089723964691e+10,1.638994098339098491e+04,8.959034820284174400e+16
2.311000000000111874e-05,1.845485166982106875e+03,8.923088928228108800e+16,4.047102785680233002e+10,1.627482423016987741e+04,8.923092975332705600e+16
2.312000000000112034e-05,1.830173969694479410e+03,8.887314048366699200e+16,4.024786788458177948e+10,1.616063009233290722e+04,8.887318073155286400e+16
2.313000000000112194e-05,1.814999426941961474e+03,8.851705231520318400e+16,4.002613074241429138e+10,1.604735038282087589e+04,8.851709234135177600e+16
2.314000000000112354e-05,1.799960233841378340e+03,8.816261603253260800e+16,3.980580627251533508e+10,1.593497699364050459e+04,8.816265583835660800e+16
2.315000000000112514e-05,1.785055098778622551e+03,8.780982294275707200e+16,3.958688439679521942e+10,1.582350189504336777e+04,8.780986252965908800e+16
2.316000000000112673e-05,1.770282743265537420e+03,8.745866440410883200e+16,3.936935511617884064e+10,1.571291713471266121e+04,8.745870377348144000e+16
2.317000000000112833e-05,1.755641901798353956e+03,8.710913182561268800e+16,3.915320850993375397e+10,1.560321483695982715e+04,8.710917097883856000e+16
2.318000000000112993e-05,1.741131321717921310e+03,8.676121666676035200e+16,3.893843473500437927e+10,1.549438720192997425e+04,8.676125560521232000e+16
2.319000000000113153e-05,1.726749763071297821e+03,8.641491043717780800e+16,3.872502402534939575e+10,1.538642650481591772e+04,8.641494916221896000e+16
2.320000000000113313e-05,1.712495998475171746e+03,8.607020469630577600e+16,3.851296669128958130e+10,1.527932509508065596e+04,8.607024320928945600e+16
2.321000000000113473e-05,1.698368812980582561e+03,8.572709105307212800e+16,3.830225311885903931e+10,1.517307539568929496e+04,8.572712935534211200e+16
2.322000000000113632e-05,1.684367003939380993e+03,8.538556116557544000e+16,3.809287376916194153e+10,1.506766990234847981e+04,8.538559925846596800e+16
2.323000000000113792e-05,1.670489380872151742e+03,8.504560674076470400e+16,3.788481917773696136e+10,1.496310118275501009e+04,8.504564462560051200e+16
2.324000000000113952e-05,1.656734765337470890e+03,8.470721953411929600e+16,3.767807995392422485e+10,1.485936187585199332e+04,8.470725721221577600e+16
2.325000000000114112e-05,1.643101990802980481e+03,8.437039134934217600e+16,3.747264678024386597e+10,1.475644469109400234e+04,8.437042882200536000e+16
2.326000000000114272e-05,1.629589902517519249e+03,8.403511403804401600e+16,3.726851041177397156e+10,1.465434240771981422e+04,8.403515130657072000e+16
2.327000000000114432e-05,1.616197357385151463e+03,8.370137949943619200e+16,3.706566167553817749e+10,1.455304787403321825e+04,8.370141656511404800e+16
2.328000000000114591e-05,1.602923223840154378e+03,8.336917968001843200e+16,3.686409146989708710e+10,1.445255400669187293e+04,8.336921654412595200e+16
2.329000000000114751e-05,1.589766381723813083e+03,8.303850657328072000e+16,3.666379076394585419e+10,1.435285379000391913e+04,8.303854323708742400e+16
2.330000000000114911e-05,1.576725722162381089e+03,8.270935221939520000e+16,3.646475059691700745e+10,1.425394027523240766e+04,8.270938868416163200e+16
2.331000000000115071e-05,1.563800147446441315e+03,8.238170870491806400e+16,3.626696207758868408e+10,1.415580657990682448e+04,8.238174497189587200e+16
2.332000000000115231e-05,1.550988570911811166e+03,8.205556816248904000e+16,3.607041638369944000e+10,1.405844588714343627e+04,8.205560423292104000e+16
2.333000000000115391e-05,1.538289916821522183e+03,8.173092277053736000e+16,3.587510476136573792e+10,1.396185144497153487e+04,8.173095864565763200e+16
2.334000000000115550e-05,1.525703120249287849e+03,8.140776475298368000e+16,3.568101852450751495e+10,1.386601656566821839e+04,8.140780043401760000e+16
2.335000000000115710e-05,1.513227126964308127e+03,8.108608637895171200e+16,3.548814905427693176e+10,1.377093462509991696e+04,8.108612186711606400e+16
2.336000000000115870e-05,1.500860893317365708e+03,8.076587996247483200e+16,3.529648779849377441e+10,1.367659906207136919e+04,8.076591525897780800e+16
2.337000000000116030e-05,1.488603386128019793e+03,8.044713786220963200e+16,3.510602627108473206e+10,1.358300337768140344e+04,8.044717296825097600e+16
2.338000000000116190e-05,1.476453582573296899e+03,8.012985248114814400e+16,3.491675605152804565e+10,1.349014113468620417e+04,8.012988739791915200e+16
2.339000000000116350e-05,1.464410470077598120e+03,7.981401626633556800e+16,3.472866878430488586e+10,1.339800595686911038e+04,7.981405099501921600e+16
2.340000000000116509e-05,1.452473046203772583e+03,7.949962170858606400e+16,3.454175617835255432e+10,1.330659152841765535e+04,7.949965625035700800e+16
2.341000000000116669e-05,1.440640318545336413e+03,7.918666134220264000e+16,3.435601000652542496e+10,1.321589159330701295e+04,7.918669569822729600e+16
2.342000000000116829e-05,1.428911304620150759e+03,7.887512774470072000e+16,3.417142210505887985e+10,1.312589995469063433e+04,7.887516191613737600e+16
2.343000000000116989e-05,1.417285031765062058e+03,7.856501353653080000e+16,3.398798437303961182e+10,1.303661047429698010e+04,7.856504752452963200e+16
2.344000000000117149e-05,1.405760537031850163e+03,7.825631138080184000e+16,3.380568877187919617e+10,1.294801707183342660e+04,7.825634518650496000e+16
2.345000000000117309e-05,1.394336867084238975e+03,7.794901398301217600e+16,3.362452732479310989e+10,1.286011372439589286e+04,7.794904760755376000e+16
2.346000000000117468e-05,1.383013078096162644e+03,7.764311409077683200e+16,3.344449211628589249e+10,1.277289446588598003e+04,7.764314753528308800e+16
2.347000000000117628e-05,1.371788235651187961e+03,7.733860449356033600e+16,3.326557529163777542e+10,1.268635338643307477e+04,7.733863775914969600e+16
2.348000000000117788e-05,1.360661414642865111e+03,7.703547802240745600e+16,3.308776905639803696e+10,1.260048463182390879e+04,7.703551111019048000e+16
2.349000000000117948e-05,1.349631699176525899e+03,7.673372754968264000e+16,3.291106567588354874e+10,1.251528240293768431e+04,7.673376046076217600e+16
2.350000000000118108e-05,1.338698182471712016e+03,7.643334598879915200e+16,3.273545747467938995e+10,1.243074095518743525e+04,7.643337872427040000e+16
2.351000000000118268e-05,1.327859966766309526e+03,7.613432629396792000e+16,3.256093683614680099e+10,1.234685459796770374e+04,7.613435885491843200e+16
2.352000000000118427e-05,1.317116163221045099e+03,7.583666145992932800e+16,3.238749620193310547e+10,1.226361769410773923e+04,7.583669384743910400e+16
2.353000000000118587e-05,1.306465891825676863e+03,7.554034452170032000e+16,3.221512807148734283e+10,1.218102465933085114e+04,7.554037673684187200e+16
2.354000000000118747e-05,1.295908281305883975e+03,7.524536855431630400e+16,3.204382500157943344e+10,1.209906996171970968e+04,7.524540059815470400e+16
2.355000000000118907e-05,1.285442469031238261e+03,7.495172667257998400e+16,3.187357960582558441e+10,1.201774812118741283e+04,7.495175854617288000e+16
2.356000000000119067e-05,1.275067600924306589e+03,7.465941203080510400e+16,3.170438455421485901e+10,1.193705370895398846e+04,7.465944373520288000e+16
2.357000000000119227e-05,1.264782831370584290e+03,7.436841782256921600e+16,3.153623257264303589e+10,1.185698134702880452e+04,7.436844935881491200e+16
2.358000000000119386e-05,1.254587323129644574e+03,7.407873728046288000e+16,3.136911644244760895e+10,1.177752570769841623e+04,7.407876864959235200e+16
2.359000000000119546e-05,1.244480247247134457e+03,7.379036367584302400e+16,3.120302899995033646e+10,1.169868151302014667e+04,7.379039487888496000e+16
2.360000000000119706e-05,1.234460782967797968e+03,7.350329031858886400e+16,3.103796313600092316e+10,1.162044353432084972e+04,7.350332135656484800e+16
2.361000000000119866e-05,1.224528117649394972e+03,7.321751055685504000e+16,3.087391179552602005e+10,1.154280659170122817e+04,7.321754143077960000e+16
2.362000000000120026e-05,1.214681446677700023e+03,7.293301777683422400e+16,3.071086797708269882e+10,1.146576555354546690e+04,7.293304848771489600e+16
2.363000000000120186e-05,1.204919973382316812e+03,7.264980540251195200e+16,3.054882473241469955e+10,1.138931533603605567e+04,7.264983595134928000e+16
2.364000000000120345e-05,1.195242908953568076e+03,7.236786689543246400e+16,3.038777516601402664e+10,1.131345090267386513e+04,7.236789728322014400e+16
2.365000000000120505e-05,1.185649472360077652e+03,7.208719575445742400e+16,3.022771243468537140e+10,1.123816726380365799e+04,7.208722598218227200e+16
2.366000000000120665e-05,1.176138890267525312e+03,7.180778551553429600e+16,3.006862974711454010e+10,1.116345947614394754e+04,7.180781558417637600e+16
2.367000000000120825e-05,1.166710396958143519e+03,7.152962975145979200e+16,2.991052036344054031e+10,1.108932264232269517e+04,7.152965966199240800e+16
2.368000000000120985e-05,1.157363234251187350e+03,7.125272207164995200e+16,2.975337759483366776e+10,1.101575191041772450e+04,7.125275182503972000e+16
2.369000000000121145e-05,1.148096651424120182e+03,7.097705612190776000e+16,2.959719480307303238e+10,1.094274247350159931e+04,7.097708571911465600e+16
2.370000000000121304e-05,1.138909905134896917e+03,7.070262558419577600e+16,2.944196540013225937e+10,1.087028956919212214e+04,7.070265502617318400e+16
2.371000000000121464e-05,1.129802259344957292e+03,7.042942417640742400e+16,2.928768284776604462e+10,1.079838847920712215e+04,7.042945346410220000e+16
2.372000000000121624e-05,1.120772985243071389e+03,7.015744565214215200e+16,2.913434065710118484e+10,1.072703452892415953e+04,7.015747478649465600e+16
2.373000000000121784e-05,1.111821361170131468e+03,6.988668380048115200e+16,2.898193238823197937e+10,1.065622308694477761e+04,6.988671278242531200e+16
2.374000000000121944e-05,1.102946672544569992e+03,6.961713244576170400e+16,2.883045164981712341e+10,1.058594956466378972e+04,6.961716127622504000e+16
2.375000000000122103e-05,1.094148211788941353e+03,6.934878544736324000e+16,2.867989209868390656e+10,1.051620941584278444e+04,6.934881412726695200e+16
2.376000000000122263e-05,1.085425278256843512e+03,6.908163669947909600e+16,2.853024743943043900e+10,1.044699813618812914e+04,6.908166522973807200e+16
2.377000000000122423e-05,1.076777178161062693e+03,6.881568013090500800e+16,2.838151142403746414e+10,1.037831126293398847e+04,6.881570851242788800e+16
2.378000000000122583e-05,1.068203224502320381e+03,6.855090970481830400e+16,2.823367785147906494e+10,1.031014437442918825e+04,6.855093793850753600e+16
2.379000000000122743e-05,1.059702736998742012e+03,6.828731941856458400e+16,2.808674056733841324e+10,1.024249308972857216e+04,6.828734750531644800e+16
2.380000000000122903e-05,1.051275042016268344e+03,6.802490330344437600e+16,2.794069346342743683e+10,1.017535306818914069e+04,6.802493124414906400e+16
2.381000000000123062e-05,1.042919472499705762e+03,6.776365542449909600e+16,2.779553047740893555e+10,1.010872000907014262e+04,6.776368322004072800e+16
2.382000000000123222e-05,1.034635367904535315e+03,6.750356988030371200e+16,2.765124559242288208e+10,1.004258965113717568e+04,6.750359753156037600e+16
2.383000000000123382e-05,1.026422074129555767e+03,6.724464080275100800e+16,2.750783283671355057e+10,9.976957772270816349e+03,6.724466831059484800e+16
2.384000000000123542e-05,1.018278943450190923e+03,6.698686235685292000e+16,2.736528628326505661e+10,9.911820189079669944e+03,6.698688972215012800e+16
2.385000000000123702e-05,1.010205334452511238e+03,6.673022874052431200e+16,2.722360004943421173e+10,9.847172756516612935e+03,6.673025596413521600e+16
2.386000000000123862e-05,1.002200611968064663e+03,6.647473418438540800e+16,2.708276829659043884e+10,9.783011367500210326e+03,6.647476126716448800e+16
2.387000000000124021e-05,9.942641470093599310e+02,6.622037295155505600e+16,2.694278522975762939e+10,9.719331952539161648e+03,6.622039989435100000e+16
2.388000000000124181e-05,9.863953167059556790e+02,6.596713933744739200e+16,2.680364509725910187e+10,9.656130479361447215e+03,6.596716614110312800e+16
2.389000000000124341e-05,9.785935042415329690e+02,6.571502766957382400e+16,2.666534219036580276e+10,9.593402952546781307e+03,6.571505433492658400e+16
2.390000000000124501e-05,9.708580987912820319e+02,6.546403230733956000e+16,2.652787084294706726e+10,9.531145413163523699e+03,6.546405883522089600e+16
2.391000000000124661e-05,9.631884954603259530e+02,6.521414764185002400e+16,2.639122543112566376e+10,9.469353938408847171e+03,6.521417403308588800e+16
2.392000000000124821e-05,9.555840952225228193e+02,6.496536809571114400e+16,2.625540037293531036e+10,9.408024641253419759e+03,6.496539435112188000e+16
2.393000000000124980e-05,9.480443048601375722e+02,6.471768812283338400e+16,2.612039012797982788e+10,9.347153670088926447e+03,6.471771424323380800e+16
2.394000000000125140e-05,9.405685369040525075e+02,6.447110220823966400e+16,2.598618919709745407e+10,9.286737208379987351e+03,6.447112819443909600e+16
2.395000000000125300e-05,9.331562095747436842e+02,6.422560486787231200e+16,2.585279212202711487e+10,9.226771474319710251e+03,6.422563072067459200e+16
2.396000000000125460e-05,9.258067467236888888e+02,6.398119064839977600e+16,2.572019348507682419e+10,9.167252720488242630e+03,6.398121636860336000e+16
2.397000000000125620e-05,9.185195777756766802e+02,6.373785412702555200e+16,2.558838790879573822e+10,9.108177233515660191e+03,6.373787971542349600e+16
2.398000000000125780e-05,9.112941376715807564e+02,6.349558991130496800e+16,2.545737005565029144e+10,9.049541333748176839e+03,6.349561536868498400e+16
2.399000000000125939e-05,9.041298668117581201e+02,6.325439263895028800e+16,2.532713462770056152e+10,8.991341374917348730e+03,6.325441796609480800e+16
2.400000000000126099e-05,8.970262110000600160e+02,6.301425697764889600e+16,2.519767636628116608e+10,8.933573743813481997e+03,6.301428217533509600e+16
2.401000000000126259e-05,8.899826213885916104e+02,6.277517762487752000e+16,2.506899005168499756e+10,8.876234859962061819e+03,6.277520269387733600e+16
2.402000000000126419e-05,8.829985544228375147e+02,6.253714930771616800e+16,2.494107050284862518e+10,8.819321175303528435e+03,6.253717424879636800e+16
2.403000000000126579e-05,8.760734717876248396e+02,6.230016678267000000e+16,2.481391257704226685e+10,8.762829173876829373e+03,6.230019159659221600e+16
2.404000000000126739e-05,8.692068403534043455e+02,6.206422483548033600e+16,2.468751116955880356e+10,8.706755371505418225e+03,6.206424952300108000e+16
2.405000000000126898e-05,8.623981321233517292e+02,6.182931828095255200e+16,2.456186121341087341e+10,8.651096315487679021e+03,6.182934284282328000e+16
2.406000000000127058e-05,8.556468241809639039e+02,6.159544196277342400e+16,2.443695767902593994e+10,8.595848584289609789e+03,6.159546639974055200e+16
2.407000000000127218e-05,8.489523986380979750e+02,6.136259075333236800e+16,2.431279557394616699e+10,8.541008787241140453e+03,6.136261506613733600e+16
2.408000000000127378e-05,8.423143425837808991e+02,6.113075955354747200e+16,2.418936994253039169e+10,8.486573564235726735e+03,6.113078374292674400e+16
2.409000000000127538e-05,8.357321480333996533e+02,6.089994329268749600e+16,2.406667586565889740e+10,8.432539585432781678e+03,6.089996735937262400e+16
2.410000000000127698e-05,8.292053118785219112e+02,6.067013692819937600e+16,2.394470846044028854e+10,8.378903550963277667e+03,6.067016087291704800e+16
2.411000000000127857e-05,8.227333358372600287e+02,6.044133544553592800e+16,2.382346287992184067e+10,8.325662190638697211e+03,6.044135926900796000e+16
2.412000000000128017e-05,8.163157264051320681e+02,6.021353385798100800e+16,2.370293431280046844e+10,8.272812263662510304e+03,6.021355756092440800e+16
2.413000000000128177e-05,8.099519948064402115e+02,5.998672720648199200e+16,2.358311798313887405e+10,8.220350558345113313e+03,5.998675078960900800e+16
2.414000000000128337e-05,8.036416569462528514e+02,5.976091055947835200e+16,2.346400915008176422e+10,8.168273891821540019e+03,5.976093402349647200e+16
2.415000000000128497e-05,7.973842333628231245e+02,5.953607901273346400e+16,2.334560310757572937e+10,8.116579109771975709e+03,5.953610235834548800e+16
2.416000000000128657e-05,7.911792491805622376e+02,5.931222768916964800e+16,2.322789518409162140e+10,8.065263086145485431e+03,5.931225091707368800e+16
2.417000000000128816e-05,7.850262340634407110e+02,5.908935173869691200e+16,2.311088074234810638e+10,8.014322722886168776e+03,5.908937484958645600e+16
2.418000000000128976e-05,7.789247221690113747e+02,5.886744633805284800e+16,2.299455517903903198e+10,7.963754949662616127e+03,5.886746933261676000e+16
2.419000000000129136e-05,7.728742521028805186e+02,5.864650669063767200e+16,2.287891392456285477e+10,7.913556723599866018e+03,5.864652956956028800e+16
2.420000000000129296e-05,7.668743668735794472e+02,5.842652802634760800e+16,2.276395244275310135e+10,7.863725029014266511e+03,5.842655079030868000e+16
2.421000000000129456e-05,7.609246138480503987e+02,5.820750560141925600e+16,2.264966623061326981e+10,7.814256877150895889e+03,5.820752825109406400e+16
2.422000000000129616e-05,7.550245447074886442e+02,5.798943469826327200e+16,2.253605081805185318e+10,7.765149305924049258e+03,5.798945723432260800e+16
2.423000000000129775e-05,7.491737154038088420e+02,5.777231062530857600e+16,2.242310176762137222e+10,7.716399379659884289e+03,5.777233304841881600e+16
2.424000000000129935e-05,7.433716861163624117e+02,5.755612871684232800e+16,2.231081467425885773e+10,7.668004188842377516e+03,5.755615102766541600e+16
2.425000000000130095e-05,7.376180212093610180e+02,5.734088433285181600e+16,2.219918516502826691e+10,7.619960849861312454e+03,5.734090653204533600e+16
2.426000000000130255e-05,7.319122891895439125e+02,5.712657285886876000e+16,2.208820889886577988e+10,7.572266504763089870e+03,5.712659494708596000e+16
2.427000000000130415e-05,7.262540626644445183e+02,5.691318970581549600e+16,2.197788156632676697e+10,7.524918321004274731e+03,5.691321168370532000e+16
2.428000000000130575e-05,7.206429183009759072e+02,5.670073030984680000e+16,2.186819888933515930e+10,7.477913491207329571e+03,5.670075217805388800e+16
2.429000000000130734e-05,7.150784367846140412e+02,5.648919013220044000e+16,2.175915662093525696e+10,7.431249232919193673e+03,5.648921189136520800e+16
2.430000000000130894e-05,7.095602027788604573e+02,5.627856465904250400e+16,2.165075054504473495e+10,7.384922788372152354e+03,5.627858630980114400e+16
2.431000000000131054e-05,7.040878048852287066e+02,5.606884940131652000e+16,2.154297647621074295e+10,7.338931424247113682e+03,5.606887094430104000e+16
2.432000000000131214e-05,6.986608356036169880e+02,5.586003989459516800e+16,2.143583025936772537e+10,7.293272431439583670e+03,5.586006133043341600e+16
2.433000000000131374e-05,6.932788912931315508e+02,5.565213169892633600e+16,2.132930776959692764e+10,7.247943124827632346e+03,5.565215302824204800e+16
2.434000000000131534e-05,6.879415721333252804e+02,5.544512039868998400e+16,2.122340491188875580e+10,7.202940843042736560e+03,5.544514162210278400e+16
2.435000000000131693e-05,6.826484820857906470e+02,5.523900160244829600e+16,2.111811762090615082e+10,7.158262948242570019e+03,5.523902272057376000e+16
2.436000000000131853e-05,6.773992288562378690e+02,5.503377094279950400e+16,2.101344186075116348e+10,7.113906825886154365e+03,5.503379195624916000e+16
2.437000000000132013e-05,6.721934238569363060e+02,5.482942407623315200e+16,2.090937362473228073e+10,7.069869884511582313e+03,5.482944498561452000e+16
2.438000000000132173e-05,6.670306821695446615e+02,5.462595668298324000e+16,2.080590893513447189e+10,7.026149555515722568e+03,5.462597748889986400e+16
2.439000000000132333e-05,6.619106225083830850e+02,5.442336446688908800e+16,2.070304384299156570e+10,6.982743292936374928e+03,5.442338516994057600e+16
2.440000000000132493e-05,6.568328671840174593e+02,5.422164315524943200e+16,2.060077442785916138e+10,6.939648573236509037e+03,5.422166375603144800e+16
2.441000000000132652e-05,6.517970420672870659e+02,5.402078849868146400e+16,2.049909679759118271e+10,6.896862895090815073e+03,5.402080899778580800e+16
2.442000000000132812e-05,6.468027765537303821e+02,5.382079627098186400e+16,2.039800708811696243e+10,6.854383779174360825e+03,5.382081666899645600e+16
2.443000000000132972e-05,6.418497035283036212e+02,5.362166226898536000e+16,2.029750146322087479e+10,6.812208767953280585e+03,5.362168256649428000e+16
2.444000000000133132e-05,6.369374593305734606e+02,5.342338231242532000e+16,2.019757611432339096e+10,6.770335425478022444e+03,5.342340251000884000e+16
2.445000000000133292e-05,6.320656837202039924e+02,5.322595224379888800e+16,2.009822726026519394e+10,6.728761337178141730e+03,5.322597234203351200e+16
2.446000000000133452e-05,6.272340198428083795e+02,5.302936792822761600e+16,1.999945114709133911e+10,6.687484109659634669e+03,5.302938792768607200e+16
2.447000000000133611e-05,6.224421141962054662e+02,5.283362525332042400e+16,1.990124404783812332e+10,6.646501370503939143e+03,5.283364515457174400e+16
2.448000000000133771e-05,6.176896165970416632e+02,5.263872012904274400e+16,1.980360226232267761e+10,6.605810768069480218e+03,5.263873993265223200e+16
2.449000000000133931e-05,6.129761801476827259e+02,5.244464848757718400e+16,1.970652211693240738e+10,6.565409971294669049e+03,5.244466819410648800e+16
2.450000000000134091e-05,6.083014612035003665e+02,5.225140628319357600e+16,1.960999996441766357e+10,6.525296669503311023e+03,5.225142589320068000e+16
2.451000000000134251e-05,6.036651193405898539e+02,5.205898949211573600e+16,1.951403218368577576e+10,6.485468572211791979e+03,5.205900900615500800e+16
2.452000000000134411e-05,5.990668173236352914e+02,5.186739411238805600e+16,1.941861517959627533e+10,6.445923408938256216e+03,5.186741353101028000e+16
2.453000000000134570e-05,5.945062210743028572e+02,5.167661616374718400e+16,1.932374538275909042e+10,6.406658929013741727e+03,5.167663548749956800e+16
2.454000000000134730e-05,5.899829996398477761e+02,5.148665168749204800e+16,1.922941924933319855e+10,6.367672901395260851e+03,5.148667091691825600e+16
2.455000000000134890e-05,5.854968251620817909e+02,5.129749674635094400e+16,1.913563326082722092e+10,6.328963114480609875e+03,5.129751588199112000e+16
2.456000000000135050e-05,5.810473728467031833e+02,5.110914742435870400e+16,1.904238392390260315e+10,6.290527375925224987e+03,5.110916646674949600e+16
2.457000000000135210e-05,5.766343209329204456e+02,5.092159982672638400e+16,1.894966777017743301e+10,6.252363512460933634e+03,5.092161877640098400e+16
2.458000000000135370e-05,5.722573506633472107e+02,5.073485007971408000e+16,1.885748135603189850e+10,6.214469369716180154e+03,5.073486893720223200e+16
2.459000000000135529e-05,5.679161462542930394e+02,5.054889433050736000e+16,1.876582126241630173e+10,6.176842812038492411e+03,5.054891309633536800e+16
2.460000000000135689e-05,5.636103948663409255e+02,5.036372874709155200e+16,1.867468409465991974e+10,6.139481722318483662e+03,5.036374742178234400e+16
2.461000000000135849e-05,5.593397865751934432e+02,5.017934951812567200e+16,1.858406648228130722e+10,6.102384001815772535e+03,5.017936810219881600e+16
2.462000000000136009e-05,5.551040143428463125e+02,4.999575285282229600e+16,1.849396507880101395e+10,6.065547569986423696e+03,4.999577134679399200e+16
2.463000000000136169e-05,5.509027739891040483e+02,4.981293498082358400e+16,1.840437656155516815e+10,6.028970364312419406e+03,4.981295338520672800e+16
2.464000000000136329e-05,5.467357641633533376e+02,4.963089215207960000e+16,1.831529763151104355e+10,5.992650340132713609e+03,4.963091046738376800e+16
2.465000000000136488e-05,5.426026863165839131e+02,4.944962063672732000e+16,1.822672501308357620e+10,5.956585470475832153e+03,4.944963886345884000e+16
2.466000000000136648e-05,5.385032446738260887e+02,4.926911672497145600e+16,1.813865545395409775e+10,5.920773745894368403e+03,4.926913486363336800e+16
2.467000000000136808e-05,5.344371462067665561e+02,4.908937672696372000e+16,1.805108572489052200e+10,5.885213174301160507e+03,4.908939477805587200e+16
2.468000000000136968e-05,5.304041006066599948e+02,4.891039697268540000e+16,1.796401261956805801e+10,5.849901780806858369e+03,4.891041493670439200e+16
2.469000000000137128e-05,5.264038202576030017e+02,4.873217381182984800e+16,1.787743295439300537e+10,5.814837607559334174e+03,4.873219168926914400e+16
2.470000000000137288e-05,5.224360202099986736e+02,4.855470361368348000e+16,1.779134356832662964e+10,5.780018713584743637e+03,4.855472140503335200e+16
2.471000000000137447e-05,5.185004181543466757e+02,4.837798276701250400e+16,1.770574132271146774e+10,5.745443174629909663e+03,4.837800047276008800e+16
2.472000000000137607e-05,5.145967343952862620e+02,4.820200767994553600e+16,1.762062310109835052e+10,5.711109083006560468e+03,4.820202530057486400e+16
2.473000000000137767e-05,5.107246918258783239e+02,4.802677477985884800e+16,1.753598580907493973e+10,5.677014547436891917e+03,4.802679231585084800e+16
2.474000000000137927e-05,5.068840159022576586e+02,4.785228051326325600e+16,1.745182637409658432e+10,5.643157692900943402e+03,4.785229796509577600e+16
2.475000000000138087e-05,5.030744346184371807e+02,4.767852134569112800e+16,1.736814174531786346e+10,5.609536660485292487e+03,4.767853871383898400e+16
2.476000000000138247e-05,4.992956784813845843e+02,4.750549376158144800e+16,1.728492889342483902e+10,5.576149607233222014e+03,4.750551104651641600e+16
2.477000000000138406e-05,4.955474804864615521e+02,4.733319426417108000e+16,1.720218481047037125e+10,5.542994705996572520e+03,4.733321146636192800e+16
2.478000000000138566e-05,4.918295760930119513e+02,4.716161937538272000e+16,1.711990650970932770e+10,5.510070145288907042e+03,4.716163649529523200e+16
2.479000000000138726e-05,4.881417032002173073e+02,4.699076563571318400e+16,1.703809102543598938e+10,5.477374129140233890e+03,4.699078267381017600e+16
2.480000000000138886e-05,4.844836021232369490e+02,4.682062960412562400e+16,1.695673541282238960e+10,5.444904876953116400e+03,4.682064656086697600e+16
2.481000000000139046e-05,4.808550155695946273e+02,4.665120785794005600e+16,1.687583674775825882e+10,5.412660623360206046e+03,4.665122473378269600e+16
2.482000000000139206e-05,4.772556886157617555e+02,4.648249699272416000e+16,1.679539212669190598e+10,5.380639618083312598e+03,4.648251378812215200e+16
2.483000000000139365e-05,4.736853686840434534e+02,4.631449362218750400e+16,1.671539866647318077e+10,5.348840125793704829e+03,4.631451033759199200e+16
2.484000000000139525e-05,4.701438055196428536e+02,4.614719437807311200e+16,1.663585350419671822e+10,5.317260425973794554e+03,4.614721101393240800e+16
2.485000000000139685e-05,4.666307511680495281e+02,4.598059591005236000e+16,1.655675379704746056e+10,5.285898812780453227e+03,4.598061246681191200e+16
2.486000000000139845e-05,4.631459599525263116e+02,4.581469488561912800e+16,1.647809672214667511e+10,5.254753594909364438e+03,4.581471136372156800e+16
2.487000000000140005e-05,4.596891884519836253e+02,4.564948798998525600e+16,1.639987947639955330e+10,5.223823095460867989e+03,4.564950438987041600e+16
2.488000000000140165e-05,4.562601954789597016e+02,4.548497192597590400e+16,1.632209927634446144e+10,5.193105651807189133e+03,4.548498824808083200e+16
2.489000000000140324e-05,4.528587420578700744e+02,4.532114341392693600e+16,1.624475335800248146e+10,5.162599615460831046e+03,4.532115965868591200e+16
2.490000000000140484e-05,4.494845914035307715e+02,4.515799919158140800e+16,1.616783897672918701e+10,5.132303351944339738e+03,4.515801535942596800e+16
2.491000000000140644e-05,4.461375088998062779e+02,4.499553601398860800e+16,1.609135340706726456e+10,5.102215240661449570e+03,4.499555210534756800e+16
2.492000000000140804e-05,4.428172620785416029e+02,4.483375065340020000e+16,1.601529394259949303e+10,5.072333674769285608e+03,4.483376666869965600e+16
2.493000000000140964e-05,4.395236205987228004e+02,4.467263989917282400e+16,1.593965789580509186e+10,5.042657061052101199e+03,4.467265583883620000e+16
2.494000000000141124e-05,4.362563562257823833e+02,4.451220055766541600e+16,1.586444259791480064e+10,5.013183819796003263e+03,4.451221642211347200e+16
2.495000000000141283e-05,4.330152428111921949e+02,4.435242945214002400e+16,1.578964539876851845e+10,4.983912384664986348e+03,4.435244524179084000e+16
2.496000000000141443e-05,4.298000562722104405e+02,4.419332342266418400e+16,1.571526366667425537e+10,4.954841202578373668e+03,4.419333913793323200e+16
2.497000000000141603e-05,4.266105745718781463e+02,4.403487932601138400e+16,1.564129478826707649e+10,4.925968733589161275e+03,4.403489496731152800e+16
2.498000000000141763e-05,4.234465776991851840e+02,4.387709403556428000e+16,1.556773616837062454e+10,4.897293450763795590e+03,4.387710960330576800e+16
2.499000000000141923e-05,4.203078476494749793e+02,4.371996444121716000e+16,1.549458522985865211e+10,4.868813840062964118e+03,4.371997993580768800e+16
2.500000000000142083e-05,4.171941684049958781e+02,4.356348744928024000e+16,1.542183941351861954e+10,4.840528400223730387e+03,4.356350287112491200e+16
2.501000000000142242e-05,4.141053259157535535e+02,4.340765998238295200e+16,1.534949617791515923e+10,4.812435642642717539e+03,4.340767533188436000e+16
2.502000000000142402e-05,4.110411080803914956e+02,4.325247897937953600e+16,1.527755299925631714e+10,4.784534091260366040e+03,4.325249425693772800e+16
2.503000000000142562e-05,4.080013047274637756e+02,4.309794139525408000e+16,1.520600737125920677e+10,4.756822282446461031e+03,4.309795660126661600e+16
2.504000000000142722e-05,4.049857075967501601e+02,4.294404420102855200e+16,1.513485680501823997e+10,4.729298764886774734e+03,4.294405933589049600e+16
2.505000000000142882e-05,4.019941103208221307e+02,4.279078438366524800e+16,1.506409882887322998e+10,4.701962099470733847e+03,4.279079944776918400e+16
2.506000000000143042e-05,3.990263084067955219e+02,4.263815894597827200e+16,1.499373098827931786e+10,4.674810859180197440e+03,4.263817393971433600e+16
2.507000000000143201e-05,3.960820992182698319e+02,4.248616490653933600e+16,1.492375084567765617e+10,4.647843628979442656e+03,4.248617983029523200e+16
2.508000000000143361e-05,3.931612819574122000e+02,4.233479929958661600e+16,1.485415598036715317e+10,4.621059005706008065e+03,4.233481415374761600e+16
2.509000000000143521e-05,3.902636576473018408e+02,4.218405917493360000e+16,1.478494398837757301e+10,4.594455597962813954e+03,4.218407395988257600e+16
2.510000000000143681e-05,3.873890291143817990e+02,4.203394159787936000e+16,1.471611248234327698e+10,4.568032026011294874e+03,4.203395631399679200e+16
2.511000000000143841e-05,3.845372009711120427e+02,4.188444364911776800e+16,1.464765909137803459e+10,4.541786921665388036e+03,4.188445829678178400e+16
2.512000000000144001e-05,3.817079795988199180e+02,4.173556242464875200e+16,1.457958146095080185e+10,4.515718928186782250e+03,4.173557700423511200e+16
2.513000000000144160e-05,3.789011731307037962e+02,4.158729503568984800e+16,1.451187725276338005e+10,4.489826700181127308e+03,4.158730954757196800e+16
2.514000000000144320e-05,3.761165914349925856e+02,4.143963860858796800e+16,1.444454414462756729e+10,4.464108903495132836e+03,4.143965305313695200e+16
2.515000000000144480e-05,3.733540460983201115e+02,4.129259028473060800e+16,1.437757983034443855e+10,4.438564215114881335e+03,4.129260466231525600e+16
2.516000000000144640e-05,3.706133504092506428e+02,4.114614722046163200e+16,1.431098201958427238e+10,4.413191323064885182e+03,4.114616153144843200e+16
2.517000000000144800e-05,3.678943193419359545e+02,4.100030658699200000e+16,1.424474843776735306e+10,4.387988926308315968e+03,4.100032083174519200e+16
2.518000000000144960e-05,3.651967695399995932e+02,4.085506557031488800e+16,1.417887682594584084e+10,4.362955734648147882e+03,4.085507974919644000e+16
2.519000000000145119e-05,3.625205193005438673e+02,4.071042137112134400e+16,1.411336494068677711e+10,4.338090468629221505e+03,4.071043548449098400e+16
2.520000000000145279e-05,3.598653885583074157e+02,4.056637120471370400e+16,1.404821055395543289e+10,4.313391859441281667e+03,4.056638525292892800e+16
2.521000000000145439e-05,3.572311988700251391e+02,4.042291230092281600e+16,1.398341145300033569e+10,4.288858648822912073e+03,4.042292628433892000e+16
2.522000000000145599e-05,3.546177733989301828e+02,4.028004190402282400e+16,1.391896544023875046e+10,4.264489588966555857e+03,4.028005582299288000e+16
2.523000000000145759e-05,3.520249368993770531e+02,4.013775727264918400e+16,1.385487033314328384e+10,4.240283442424189161e+03,4.013777112752411200e+16
2.524000000000145918e-05,3.494525157016761909e+02,3.999605567971569600e+16,1.379112396412947845e+10,4.216238982014241628e+03,3.999606947084423200e+16
2.525000000000146078e-05,3.469003376970606496e+02,3.985493441233186400e+16,1.372772418044390488e+10,4.192354990729055316e+03,3.985494814006058400e+16
2.526000000000146238e-05,3.443682323227650954e+02,3.971439077172174400e+16,1.366466884405376625e+10,4.168630261643535050e+03,3.971440443639510400e+16
2.527000000000146398e-05,3.418560305473152425e+02,3.957442207314186400e+16,1.360195583153669357e+10,4.145063597824491808e+03,3.957443567510218400e+16
2.528000000000146558e-05,3.393635648559490505e+02,3.943502564580277600e+16,1.353958303397237778e+10,4.121653812240992011e+03,3.943503918539026400e+16
2.529000000000146718e-05,3.368906692361475734e+02,3.929619883278591200e+16,1.347754835683381462e+10,4.098399727675491704e+03,3.929621231033870400e+16
2.530000000000146877e-05,3.344371791633445810e+02,3.915793899096571200e+16,1.341584971988046646e+10,4.075300176635728803e+03,3.915795240681984000e+16
2.531000000000147037e-05,3.320029315868132471e+02,3.902024349093167200e+16,1.335448505705225182e+10,4.052354001267828153e+03,3.902025684542112000e+16
2.532000000000147197e-05,3.295877649155858649e+02,3.888310971690674400e+16,1.329345231636323166e+10,4.029560053269721266e+03,3.888312301036342400e+16
2.533000000000147357e-05,3.271915190046608473e+02,3.874653506667118400e+16,1.323274945979781342e+10,4.006917193805853913e+03,3.874654829942497600e+16
2.534000000000147517e-05,3.248140351412083646e+02,3.861051695148469600e+16,1.317237446320647812e+10,3.984424293422457140e+03,3.861053012386347200e+16
2.535000000000147677e-05,3.224551560310303557e+02,3.847505279600939200e+16,1.311232531620311165e+10,3.962080231963733695e+03,3.847506590833899200e+16
2.536000000000147836e-05,3.201147257850684014e+02,3.834014003823259200e+16,1.305260002206243134e+10,3.939883898488749310e+03,3.834015309083687200e+16
2.537000000000147996e-05,3.177925899061026485e+02,3.820577612938996000e+16,1.299319659761907768e+10,3.917834191189256671e+03,3.820578912259080000e+16
2.538000000000148156e-05,3.154885952755603284e+02,3.807195853389212000e+16,1.293411307316721153e+10,3.895930017308271545e+03,3.807197146800940000e+16
2.539000000000148316e-05,3.132025901404573460e+02,3.793868472924744800e+16,1.287534749236022377e+10,3.874170293059279629e+03,3.793869760459912800e+16
2.540000000000148476e-05,3.109344241004790774e+02,3.780595220598677600e+16,1.281689791211256027e+10,3.852553943546482515e+03,3.780596502288885600e+16
2.541000000000148636e-05,3.086839480951815062e+02,3.767375846759141600e+16,1.275876240250103378e+10,3.831079902685540674e+03,3.767377122635796000e+16
2.542000000000148795e-05,3.064510143913337288e+02,3.754210103041774400e+16,1.270093904666778946e+10,3.809747113125220039e+03,3.754211373136090400e+16
2.543000000000148955e-05,3.042354765703607882e+02,3.741097742362399200e+16,1.264342594072377586e+10,3.788554526169824840e+03,3.741099006705403200e+16
2.544000000000149115e-05,3.020371895159508426e+02,3.728038518909712800e+16,1.258622119365265846e+10,3.767501101702201595e+03,3.728039777532239200e+16
2.545000000000149275e-05,2.998560094017386177e+02,3.715032188138146400e+16,1.252932292721628952e+10,3.746585808107680805e+03,3.715033441070843200e+16
2.546000000000149435e-05,2.976917936791634816e+02,3.702078506760523200e+16,1.247272927586013603e+10,3.725807622198579338e+03,3.702079754033852800e+16
2.547000000000149595e-05,2.955444010654099998e+02,3.689177232740980000e+16,1.241643838661966896e+10,3.705165529139516366e+03,3.689178474385218400e+16
2.548000000000149754e-05,2.934136915314728071e+02,3.676328125287848800e+16,1.236044841902788925e+10,3.684658522373369124e+03,3.676329361333088800e+16
2.549000000000149914e-05,2.912995262903578464e+02,3.663530944846554400e+16,1.230475754502322006e+10,3.664285603548056770e+03,3.663532175322704000e+16
2.550000000000150074e-05,2.892017677854045701e+02,3.650785453092739200e+16,1.224936394885816002e+10,3.644045782443874032e+03,3.650786678029528000e+16
2.551000000000150234e-05,2.871202796786747058e+02,3.638091412924939200e+16,1.219426582700872993e+10,3.623938076901594286e+03,3.638092632351912800e+16
2.552000000000150394e-05,2.850549268395476474e+02,3.625448588458087200e+16,1.213946138808469582e+10,3.603961512751268401e+03,3.625449802404615200e+16
2.553000000000150554e-05,2.830055753333219855e+02,3.612856745016238400e+16,1.208494885274024010e+10,3.584115123741594289e+03,3.612857953511510400e+16
2.554000000000150713e-05,2.809720924100163302e+02,3.600315649126025200e+16,1.203072645358591080e+10,3.564397951470193675e+03,3.600316852199054800e+16
2.555000000000150873e-05,2.789543464932370966e+02,3.587825068509599600e+16,1.197679243510036278e+10,3.544809045314179912e+03,3.587826266189225600e+16
2.556000000000151033e-05,2.769522071691754377e+02,3.575384772077994400e+16,1.192314505354386711e+10,3.525347462361783528e+03,3.575385964392879600e+16
2.557000000000151193e-05,2.749655451756914886e+02,3.562994529924440000e+16,1.186978257687176704e+10,3.506012267344358406e+03,3.562995716903076000e+16
2.558000000000151353e-05,2.729942323915367979e+02,3.550654113317527600e+16,1.181670328464869308e+10,3.486802532569085997e+03,3.550655294988232000e+16
2.559000000000151513e-05,2.710381418256644679e+02,3.538363294694721200e+16,1.176390546796367645e+10,3.467717337852357559e+03,3.538364471085642000e+16
2.560000000000151672e-05,2.690971476066416699e+02,3.526121847655640800e+16,1.171138742934602928e+10,3.448755770453830337e+03,3.526123018794755200e+16
2.561000000000151832e-05,2.671711249721893751e+02,3.513929546955654800e+16,1.165914748268145561e+10,3.429916925010962586e+03,3.513930712870772800e+16
2.562000000000151992e-05,2.652599502587841016e+02,3.501786168499176000e+16,1.160718395312898064e+10,3.411199903474235725e+03,3.501787329217938800e+16
2.563000000000152152e-05,2.633635008914115474e+02,3.489691489333239600e+16,1.155549517703914642e+10,3.392603815043114537e+03,3.489692644883122800e+16
2.564000000000152312e-05,2.614816553734063973e+02,3.477645287641228800e+16,1.150407950187180328e+10,3.374127776102393000e+03,3.477646438049542400e+16
2.565000000000152472e-05,2.596142932763511908e+02,3.465647342736226400e+16,1.145293528611535835e+10,3.355770910159310006e+03,3.465648488030116800e+16
2.566000000000152631e-05,2.577612952301421387e+02,3.453697435054832000e+16,1.140206089920630646e+10,3.337532347781061162e+03,3.453698575261281200e+16
2.567000000000152791e-05,2.559225429130973168e+02,3.441795346150722000e+16,1.135145472144933510e+10,3.319411226533253284e+03,3.441796481296551600e+16
2.568000000000152951e-05,2.540979190421988960e+02,3.429940858688484800e+16,1.130111514393858719e+10,3.301406690918490312e+03,3.429941988800354800e+16
2.569000000000153111e-05,2.522873073634066259e+02,3.418133756437300000e+16,1.125104056847876167e+10,3.283517892315877816e+03,3.418134881541710400e+16
2.570000000000153271e-05,2.504905926420770754e+02,3.406373824264749600e+16,1.120122940750739861e+10,3.265743988920973607e+03,3.406374944388042000e+16
2.571000000000153431e-05,2.487076606535024155e+02,3.394660848130682000e+16,1.115168008401763725e+10,3.248084145686249485e+03,3.394661963299040000e+16
2.572000000000153590e-05,2.469383981734675046e+02,3.382994615080991600e+16,1.110239103148142052e+10,3.230537534262223744e+03,3.382995725320442800e+16
2.573000000000153750e-05,2.451826929690024883e+02,3.371374913241667600e+16,1.105336069377347374e+10,3.213103332939030224e+03,3.371376018578082400e+16
2.574000000000153910e-05,2.434404337891383534e+02,3.359801531812644000e+16,1.100458752509601021e+10,3.195780726588670859e+03,3.359802632271740400e+16
2.575000000000154070e-05,2.417115103557953546e+02,3.348274261061763200e+16,1.095606998990349197e+10,3.178568906607632016e+03,3.348275356669104000e+16
2.576000000000154230e-05,2.399958133547744978e+02,3.336792892318932400e+16,1.090780656282873154e+10,3.161467070860246622e+03,3.336793983099928800e+16
2.577000000000154390e-05,2.382932344267892404e+02,3.325357217970014800e+16,1.085979572860891342e+10,3.144474423622377799e+03,3.325358303949926000e+16
2.578000000000154549e-05,2.366036661586196601e+02,3.313967031451021600e+16,1.081203598201262283e+10,3.127590175525783707e+03,3.313968112654956400e+16
2.579000000000154709e-05,2.349270020743666691e+02,3.302622127242234400e+16,1.076452582776703072e+10,3.110813543502928951e+03,3.302623203695152000e+16
2.580000000000154869e-05,2.332631366267411579e+02,3.291322300862281600e+16,1.071726378048615646e+10,3.094143750732307581e+03,3.291323372588992400e+16
2.581000000000155029e-05,2.316119651884826283e+02,3.280067348862521200e+16,1.067024836459943008e+10,3.077580026584333609e+03,3.280068415887688400e+16
2.582000000000155189e-05,2.299733840438675543e+02,3.268857068821137200e+16,1.062347811428073692e+10,3.061121606567686285e+03,3.268858131169277600e+16
2.583000000000155349e-05,2.283472903802419012e+02,3.257691259337368000e+16,1.057695157337803459e+10,3.044767732276145580e+03,3.257692317032852400e+16
2.584000000000155508e-05,2.267335822797151934e+02,3.246569720025990800e+16,1.053066729534379578e+10,3.028517651335976552e+03,3.246570773093046000e+16
2.585000000000155668e-05,2.251321587108605513e+02,3.235492251511506800e+16,1.048462384316535187e+10,3.012370617353692069e+03,3.235493299974214800e+16
2.586000000000155828e-05,2.235429195205638280e+02,3.224458655422578800e+16,1.043881978929681587e+10,2.996325889864497185e+03,3.224459699304879600e+16
2.587000000000155988e-05,2.219657654259011679e+02,3.213468734386491600e+16,1.039325371559037399e+10,2.980382734281002286e+03,3.213469773712183200e+16
2.588000000000156148e-05,2.204005980061142509e+02,3.202522292023477600e+16,1.034792421322908592e+10,2.964540421842551950e+03,3.202523326816217200e+16
2.589000000000156308e-05,2.188473196946802659e+02,3.191619132941262400e+16,1.030282988265940666e+10,2.948798229564964004e+03,3.191620163224567600e+16
2.590000000000156467e-05,2.173058337714276433e+02,3.180759062729689200e+16,1.025796933352508163e+10,2.933155440190734680e+03,3.180760088526937200e+16
2.591000000000156627e-05,2.157760443547467730e+02,3.169941887954902000e+16,1.021334118460040283e+10,2.917611342139738554e+03,3.169942909289333600e+16
2.592000000000156787e-05,2.142578563938835146e+02,3.159167416154460800e+16,1.016894406372546577e+10,2.902165229460351838e+03,3.159168433049179200e+16
2.593000000000156947e-05,2.127511756612824740e+02,3.148435455831456400e+16,1.012477660774043465e+10,2.886816401781012701e+03,3.148436468309427200e+16
2.594000000000157107e-05,2.112559087450356969e+02,3.137745816449472400e+16,1.008083746242156029e+10,2.871564164262348186e+03,3.137746824533527200e+16
2.595000000000157267e-05,2.097719630413859022e+02,3.127098308427118800e+16,1.003712528241669464e+10,2.856407827549532612e+03,3.127099312139953600e+16
2.596000000000157426e-05,2.082992467472974170e+02,3.116492743132811200e+16,9.993638731182094574e+09,2.841346707725302167e+03,3.116493742496989200e+16
2.597000000000157586e-05,2.068376688531136551e+02,3.105928932879414800e+16,9.950376480919273376e+09,2.826380126263285092e+03,3.105929927917366400e+16
2.598000000000157746e-05,2.053871391352886633e+02,3.095406690919113600e+16,9.907337212512258530e+09,2.811507409981731598e+03,3.095407681653136400e+16
2.599000000000157906e-05,2.039475681491659316e+02,3.084925831438226800e+16,9.864519615465938568e+09,2.796727890997835402e+03,3.084926817890488400e+16
2.600000000000158066e-05,2.025188672218477279e+02,3.074486169551891200e+16,9.821922387843933105e+09,2.782040906682218974e+03,3.074487151744428800e+16
2.601000000000158226e-05,2.011009484451302285e+02,3.064087521299149600e+16,9.779544236207912445e+09,2.767445799614098178e+03,3.064088499253870000e+16
2.602000000000158385e-05,1.996937246685101854e+02,3.053729703637686400e+16,9.737383875556818008e+09,2.752941917536730671e+03,3.053730677376369200e+16
2.603000000000158545e-05,1.982971094922391160e+02,3.043412534438826400e+16,9.695440029266620636e+09,2.738528613313246751e+03,3.043413503983123200e+16
2.604000000000158705e-05,1.969110172604648881e+02,3.033135832482448800e+16,9.653711429030660629e+09,2.724205244882949501e+03,3.033136797853883600e+16
2.605000000000158865e-05,1.955353630544420014e+02,3.022899417452035200e+16,9.612196814800382614e+09,2.709971175217988730e+03,3.022900378672007200e+16
2.606000000000159025e-05,1.941700626857881957e+02,3.012703109929627200e+16,9.570894934726505280e+09,2.695825772280455567e+03,3.012704067019410000e+16
2.607000000000159185e-05,1.928150326898309572e+02,3.002546731391004400e+16,9.529804545100954056e+09,2.681768408979857213e+03,3.002547684371746000e+16
2.608000000000159344e-05,1.914701903189878749e+02,2.992430104200544000e+16,9.488924410298355103e+09,2.667798463130962773e+03,2.992431053093271200e+16
2.609000000000159504e-05,1.901354535362359854e+02,2.982353051606545200e+16,9.448253302719186783e+09,2.653915317412025615e+03,2.982353996432160000e+16
2.610000000000159664e-05,1.888107410086462608e+02,2.972315397736260800e+16,9.407790002732643127e+09,2.640118359323508685e+03,2.972316338515544000e+16
2.611000000000159824e-05,1.874959721009481370e+02,2.962316967591100800e+16,9.367533298619832993e+09,2.626406981146979433e+03,2.962317904344712400e+16
2.612000000000159984e-05,1.861910668692016486e+02,2.952357587041835200e+16,9.327481986517850876e+09,2.612780579904580009e+03,2.952358519790314000e+16
2.613000000000160144e-05,1.848959460544801630e+02,2.942437082823725600e+16,9.287634870363946915e+09,2.599238557318704807e+03,2.942438011587491200e+16
2.614000000000160303e-05,1.836105310766688774e+02,2.932555282531972400e+16,9.247990761840415955e+09,2.585780319772224175e+03,2.932556207331325200e+16
2.615000000000160463e-05,1.823347440282736045e+02,2.922712014616785600e+16,9.208548480319482803e+09,2.572405278268858183e+03,2.922712935471909200e+16
2.616000000000160623e-05,1.810685076683198247e+02,2.912907108378883200e+16,9.169306852809268951e+09,2.559112848394151115e+03,2.912908025309842400e+16
2.617000000000160783e-05,1.798117454162954516e+02,2.903140393964678800e+16,9.130264713899299622e+09,2.545902450276535546e+03,2.903141306991422400e+16
2.618000000000160943e-05,1.785643813461587968e+02,2.893411702361758000e+16,9.091420905707263947e+09,2.532773508549008056e+03,2.893412611504119600e+16
2.619000000000161103e-05,1.773263401804097725e+02,2.883720865394243200e+16,9.052774277825654984e+09,2.519725452310979563e+03,2.883721770671940400e+16
2.620000000000161262e-05,1.760975472841994360e+02,2.874067715718200000e+16,9.014323687269100189e+09,2.506757715090565853e+03,2.874068617150837200e+16
2.621000000000161422e-05,1.748779286595069493e+02,2.864452086817102400e+16,8.976067998421899796e+09,2.493869734807137320e+03,2.864452984424169200e+16
2.622000000000161582e-05,1.736674109393792378e+02,2.854873812997285600e+16,8.938006082985870361e+09,2.481060953734303894e+03,2.854874706798159200e+16
2.623000000000161742e-05,1.724659213822162087e+02,2.845332729383479200e+16,8.900136819929084778e+09,2.468330818463153719e+03,2.845333619397425200e+16
2.624000000000161902e-05,1.712733878661103404e+02,2.835828671914384000e+16,8.862459095434547424e+09,2.455678779865892466e+03,2.835829558160556400e+16
2.625000000000162062e-05,1.700897388832480601e+02,2.826361477338093600e+16,8.824971802849306107e+09,2.443104293059794600e+03,2.826362359835535600e+16
2.626000000000162221e-05,1.689149035343595244e+02,2.816930983207897600e+16,8.787673842634222031e+09,2.430606817371409306e+03,2.816931861975542000e+16
2.627000000000162381e-05,1.677488115232170003e+02,2.807537027877649600e+16,8.750564122313676834e+09,2.418185816301191153e+03,2.807537902934320800e+16
2.628000000000162541e-05,1.665913931511900898e+02,2.798179450497539600e+16,8.713641556426122665e+09,2.405840757488422241e+03,2.798180321861952400e+16
2.629000000000162701e-05,1.654425793118677745e+02,2.788858091009780400e+16,8.676905066474809647e+09,2.393571112676441771e+03,2.788858958700542800e+16
2.630000000000162861e-05,1.643023014857027135e+02,2.779572790144266400e+16,8.640353580878707886e+09,2.381376357678114800e+03,2.779573654179878800e+16
2.631000000000163021e-05,1.631704917347166202e+02,2.770323389414231200e+16,8.603986034924234390e+09,2.369255972341814413e+03,2.770324249813088000e+16
2.632000000000163180e-05,1.620470826972840257e+02,2.761109731112007200e+16,8.567801370716818810e+09,2.357209440517442090e+03,2.761110587892396400e+16
2.633000000000163340e-05,1.609320075829212158e+02,2.751931658304980800e+16,8.531798537133440018e+09,2.345236250023045613e+03,2.751932511485084800e+16
2.634000000000163500e-05,1.598252001671530138e+02,2.742789014831011200e+16,8.495976489774763107e+09,2.333335892611435611e+03,2.742789864428909200e+16
2.635000000000163660e-05,1.587265947864302689e+02,2.733681645294672400e+16,8.460334190918596268e+09,2.321507863937390539e+03,2.733682491328339600e+16
2.636000000000163820e-05,1.576361263330708766e+02,2.724609395062719600e+16,8.424870609472567558e+09,2.309751663524952164e+03,2.724610237550026800e+16
2.637000000000163980e-05,1.565537302502804380e+02,2.715572110260208000e+16,8.389584720928341866e+09,2.298066794735088479e+03,2.715572949218925600e+16
2.638000000000164139e-05,1.554793425271913065e+02,2.706569637766300800e+16,8.354475507315299034e+09,2.286452764733671302e+03,2.706570473214096000e+16
2.639000000000164299e-05,1.544128996939728324e+02,2.697601825210120000e+16,8.319541957154741287e+09,2.274909084459686710e+03,2.697602657164558800e+16
2.640000000000164459e-05,1.533543388169750301e+02,2.688668520966822000e+16,8.284783065415047646e+09,2.263435268593802903e+03,2.688669349445370000e+16
2.641000000000164619e-05,1.523035974939139976e+02,2.679769574153439200e+16,8.250197833466174126e+09,2.252030835527140880e+03,2.679770399173462800e+16
2.642000000000164779e-05,1.512606138491244963e+02,2.670904834624904400e+16,8.215785269035431862e+09,2.240695307330383002e+03,2.670905656203670400e+16
2.643000000000164939e-05,1.502253265288251782e+02,2.662074152970109600e+16,8.181544386162827492e+09,2.229428209723132568e+03,2.662074971124786400e+16
2.644000000000165098e-05,1.491976746964568292e+02,2.653277380507908400e+16,8.147474205157425880e+09,2.218229072043543965e+03,2.653278195255565600e+16
2.645000000000165258e-05,1.481775980280559395e+02,2.644514369283123600e+16,8.113573752553528786e+09,2.207097427218274788e+03,2.644515180640734400e+16
2.646000000000165418e-05,1.471650367076635177e+02,2.635784972062723600e+16,8.079842061067355156e+09,2.196032811732623486e+03,2.635785780047164000e+16
2.647000000000165578e-05,1.461599314227901516e+02,2.627089042331846400e+16,8.046278169554201126e+09,2.185034765600997616e+03,2.627089846959896400e+16
2.648000000000165738e-05,1.451622233599114224e+02,2.618426434290002000e+16,8.012881122965645790e+09,2.174102832337635391e+03,2.618427235578346400e+16
2.649000000000165898e-05,1.441718542000201637e+02,2.609797002847121200e+16,7.979649972307358742e+09,2.163236558927570968e+03,2.609797800812349200e+16
2.650000000000166057e-05,1.431887661142044976e+02,2.601200603619819600e+16,7.946583774596765518e+09,2.152435495797862586e+03,2.601201398278426800e+16
2.651000000000166217e-05,1.422129017592838807e+02,2.592637092927589200e+16,7.913681592821830750e+09,2.141699196789107646e+03,2.592637884295976800e+16
2.652000000000166377e-05,1.412442042734758729e+02,2.584106327788942000e+16,7.880942495899338722e+09,2.131027219127165608e+03,2.584107115883418800e+16
2.653000000000166537e-05,1.402826172721063642e+02,2.575608165917751200e+16,7.848365558633873940e+09,2.120419123395175120e+03,2.575608950754533200e+16
2.654000000000166697e-05,1.393280848433516610e+02,2.567142465719422400e+16,7.815949861677029610e+09,2.109874473505772130e+03,2.567143247314633200e+16
2.655000000000166857e-05,1.383805515440508316e+02,2.558709086287228800e+16,7.783694491487059593e+09,2.099392836673638612e+03,2.558709864656902000e+16
2.656000000000167016e-05,1.374399623955137884e+02,2.550307887398592000e+16,7.751598540288619995e+09,2.088973783388178617e+03,2.550308662558668400e+16
2.657000000000167176e-05,1.365062628794004809e+02,2.541938729511482000e+16,7.719661106032925606e+09,2.078616887386552207e+03,2.541939501477814400e+16
2.658000000000167336e-05,1.355793989336307561e+02,2.533601473760655200e+16,7.687881292358162880e+09,2.068321725626854004e+03,2.533602242549004800e+16
2.659000000000167496e-05,1.346593169483271311e+02,2.525295981954108000e+16,7.656258208550326347e+09,2.058087878261614151e+03,2.525296747580148400e+16
2.660000000000167656e-05,1.337459637618030683e+02,2.517022116569413600e+16,7.624790969504089355e+09,2.047914928611471623e+03,2.517022879048728400e+16
2.661000000000167816e-05,1.328392866565835106e+02,2.508779740750221600e+16,7.593478695684314728e+09,2.037802463139110387e+03,2.508780500098308000e+16
2.662000000000167975e-05,1.319392333554681329e+02,2.500568718302579200e+16,7.562320513087489128e+09,2.027750071423427016e+03,2.500569474534846400e+16
2.663000000000168135e-05,1.310457520176223056e+02,2.492388913691472800e+16,7.531315553203686714e+09,2.017757346133895908e+03,2.492389666823242800e+16
2.664000000000168295e-05,1.301587912347178246e+02,2.484240192037319600e+16,7.500462952978807449e+09,2.007823883005217795e+03,2.484240942083828800e+16
2.665000000000168455e-05,1.292783000270983393e+02,2.476122419112314400e+16,7.469761854776815414e+09,1.997949280812122424e+03,2.476123166088712400e+16
2.666000000000168615e-05,1.284042278399831503e+02,2.468035461337141200e+16,7.439211406342815399e+09,1.988133141344488877e+03,2.468036205258493600e+16
2.667000000000168775e-05,1.275365245397132270e+02,2.459979185777382400e+16,7.408810760765775681e+09,1.978375069382567517e+03,2.459979926658669200e+16
2.668000000000168934e-05,1.266751404100271543e+02,2.451953460140140800e+16,7.378559076442018509e+09,1.968674672672534371e+03,2.451954197996258000e+16
2.669000000000169094e-05,1.258200261483702747e+02,2.443958152770617200e+16,7.348455517038665771e+09,1.959031561902173053e+03,2.443958887616377200e+16
2.670000000000169254e-05,1.249711328622360611e+02,2.435993132648646800e+16,7.318499251457503319e+09,1.949445350676823182e+03,2.435993864498779200e+16
2.671000000000169414e-05,1.241284120655583791e+02,2.428058269385388400e+16,7.288689453799135208e+09,1.939915655495552301e+03,2.428058998254540000e+16
2.672000000000169574e-05,1.232918156751083387e+02,2.420153433219881200e+16,7.259025303327261925e+09,1.930442095727451260e+03,2.420154159122617200e+16
2.673000000000169733e-05,1.224612960069589462e+02,2.412278495015809600e+16,7.229505984433364868e+09,1.921024293588252476e+03,2.412279217966612400e+16
2.674000000000169893e-05,1.216368057729505097e+02,2.404433326258118000e+16,7.200130686601675034e+09,1.911661874117078696e+03,2.404434046271390000e+16
2.675000000000170053e-05,1.208182980772175483e+02,2.396617799049704800e+16,7.170898604374258995e+09,1.902354465153421643e+03,2.396618516139767600e+16
2.676000000000170213e-05,1.200057264127162142e+02,2.388831786108115600e+16,7.141808937316366196e+09,1.893101697314303465e+03,2.388832500289210400e+16
2.677000000000170373e-05,1.191990446578225828e+02,2.381075160762374800e+16,7.112860889982258797e+09,1.883903203971707399e+03,2.381075872048664000e+16
2.678000000000170533e-05,1.183982070729227303e+02,2.373347796949602400e+16,7.084053671880988121e+09,1.874758621230070275e+03,2.373348505355169200e+16
2.679000000000170692e-05,1.176031682970739780e+02,2.365649569211930000e+16,7.055386497442696571e+09,1.865667587904131778e+03,2.365650274750777600e+16
2.680000000000170852e-05,1.168138833446579952e+02,2.357980352693152800e+16,7.026858585984980583e+09,1.856629745496864643e+03,2.357981055379208400e+16
2.681000000000171012e-05,1.160303076020956752e+02,2.350340023135640000e+16,6.998469161679516792e+09,1.847644738177663612e+03,2.350340722982752400e+16
2.682000000000171172e-05,1.152523968245770476e+02,2.342728456877135600e+16,6.970217453519109726e+09,1.838712212760640341e+03,2.342729153899076400e+16
2.683000000000171332e-05,1.144801071328301134e+02,2.335145530847590400e+16,6.942102695284779549e+09,1.829831818683248912e+03,2.335146225058054400e+16
2.684000000000171492e-05,1.137133950099048292e+02,2.327591122566048800e+16,6.914124125513176918e+09,1.821003207984944765e+03,2.327591813978654400e+16
2.685000000000171651e-05,1.129522172980097707e+02,2.320065110137485200e+16,6.886280987464295387e+09,1.812226035286147862e+03,2.320065798765776400e+16
2.686000000000171811e-05,1.121965311953536286e+02,2.312567372249775200e+16,6.858572529089107513e+09,1.803499957767301339e+03,2.312568058107219600e+16
2.687000000000171971e-05,1.114462942530404490e+02,2.305097788170583600e+16,6.830998002998123169e+09,1.794824635148187554e+03,2.305098471270574800e+16
2.688000000000172131e-05,1.107014643719707863e+02,2.297656237744259200e+16,6.803556666429431915e+09,1.786199729667403744e+03,2.297656918100116000e+16
2.689000000000172291e-05,1.099619997997832996e+02,2.290242601388888400e+16,6.776247781217344284e+09,1.777624906061961156e+03,2.290243279013854800e+16
2.690000000000172451e-05,1.092278591278270596e+02,2.282856760093143200e+16,6.749070613761198044e+09,1.769099831547124268e+03,2.282857435000392000e+16
2.691000000000172610e-05,1.084990012881577854e+02,2.275498595413400000e+16,6.722024434994544029e+09,1.760624175796422378e+03,2.275499267616030400e+16
2.692000000000172770e-05,1.077753855505566349e+02,2.268167989470594400e+16,6.695108520354277611e+09,1.752197610921799651e+03,2.268168658981632400e+16
2.693000000000172930e-05,1.070569715195879041e+02,2.260864824947433600e+16,6.668322149750249863e+09,1.743819811453975035e+03,2.260865491779833600e+16
2.694000000000173090e-05,1.063437191316756696e+02,2.253588985085261600e+16,6.641664607534858704e+09,1.735490454322948835e+03,2.253589649251906800e+16
2.695000000000173250e-05,1.056355886522032819e+02,2.246340353681250400e+16,6.615135182473133087e+09,1.727209218838666402e+03,2.246341015194952000e+16
2.696000000000173410e-05,1.049325406726635634e+02,2.239118815085412800e+16,6.588733167712938309e+09,1.718975786671918286e+03,2.239119473958912000e+16
2.697000000000173569e-05,1.042345361077947530e+02,2.231924254197654000e+16,6.562457860755079269e+09,1.710789841835302923e+03,2.231924910443621600e+16
2.698000000000173729e-05,1.035415361927831697e+02,2.224756556464973600e+16,6.536308563424277306e+09,1.702651070664443296e+03,2.224757210096010800e+16
2.699000000000173889e-05,1.028535024804679807e+02,2.217615607878556800e+16,6.510284581839759827e+09,1.694559161799327285e+03,2.217616258907194800e+16
2.700000000000174049e-05,1.021703968385744190e+02,2.210501294970858400e+16,6.484385226386351585e+09,1.686513806165792175e+03,2.210501943409560400e+16
2.701000000000174209e-05,1.014921814469858816e+02,2.203413504812890000e+16,6.458609811685726166e+09,1.678514696957236765e+03,2.203414150674049200e+16
2.702000000000174369e-05,1.008188187950177195e+02,2.196352125011243200e+16,6.432957656567863464e+09,1.670561529616386906e+03,2.196352768307186000e+16
2.703000000000174528e-05,1.001502716787421576e+02,2.189317043705390000e+16,6.407428084042684555e+09,1.662654001817339122e+03,2.189317684448374800e+16
2.704000000000174688e-05,9.948650319831753563e+01,2.182308149564837200e+16,6.382020421271881104e+09,1.654791813447646746e+03,2.182308787767054800e+16
2.705000000000174848e-05,9.882747675535365772e+01,2.175325331786390000e+16,6.356733999541211128e+09,1.646974666590669585e+03,2.175325967459964800e+16
2.706000000000175008e-05,9.817315605029418180e+01,2.168368480091356400e+16,6.331568154232532501e+09,1.639202265507949278e+03,2.168369113248346000e+16
2.707000000000175168e-05,9.752350507983133809e+01,2.161437484722877200e+16,6.306522224796339989e+09,1.631474316621883190e+03,2.161438115375272400e+16
2.708000000000175328e-05,9.687848813432923123e+01,2.154532236442973600e+16,6.281595554724475861e+09,1.623790528498390813e+03,2.154532864602701200e+16
2.709000000000175487e-05,9.623806979529547334e+01,2.147652626530166000e+16,6.256787491523139954e+09,1.616150611829901209e+03,2.147653252209086400e+16
2.710000000000175647e-05,9.560221493284718974e+01,2.140798546776531200e+16,6.232097386685641289e+09,1.608554279418303395e+03,2.140799169986440400e+16
2.711000000000175807e-05,9.497088870322473042e+01,2.133969889485101600e+16,6.207524595666027069e+09,1.601001246158206868e+03,2.133970510237730800e+16
2.712000000000175967e-05,9.434405654630934634e+01,2.127166547467224800e+16,6.183068477852272034e+09,1.593491229020242372e+03,2.127167165774241200e+16
2.713000000000176127e-05,9.372168418318203464e+01,2.120388414039832000e+16,6.158728396540207863e+09,1.586023947034553657e+03,2.120389029912839600e+16
2.714000000000176287e-05,9.310373761367837631e+01,2.113635383022871200e+16,6.134503718906995773e+09,1.578599121274383606e+03,2.113635996473410400e+16
2.715000000000176446e-05,9.249018311400399739e+01,2.106907348736681600e+16,6.110393815985566139e+09,1.571216474839875673e+03,2.106907959776229600e+16
2.716000000000176606e-05,9.188098723433088821e+01,2.100204205999336000e+16,6.086398062638651848e+09,1.563875732841966055e+03,2.100204814639308000e+16
2.717000000000176766e-05,9.127611679644060416e+01,2.093525850124087600e+16,6.062515837533170700e+09,1.556576622386387044e+03,2.093526456375836000e+16
2.718000000000176926e-05,9.067553889139036016e+01,2.086872176916835200e+16,6.038746523114904404e+09,1.549318872557890018e+03,2.086872780791651600e+16
2.719000000000177086e-05,9.007922087718078785e+01,2.080243082673463600e+16,6.015089505583338737e+09,1.542102214404519373e+03,2.080243684182577600e+16
2.720000000000177246e-05,8.948713037646194834e+01,2.073638464177340800e+16,5.991544174866382599e+09,1.534926380922071530e+03,2.073639063331920800e+16
2.721000000000177405e-05,8.889923527426249450e+01,2.067058218696816400e+16,5.968109924595770836e+09,1.527791107038650125e+03,2.067058815507970400e+16
2.722000000000177565e-05,8.831550371571934477e+01,2.060502243982674400e+16,5.944786152082322121e+09,1.520696129599424467e+03,2.060502838461450400e+16
2.723000000000177725e-05,8.773590410385328653e+01,2.053970438265636400e+16,5.921572258291424751e+09,1.513641187351418694e+03,2.053971030423022400e+16
2.724000000000177885e-05,8.716040509734206410e+01,2.047462700253849600e+16,5.898467647818707466e+09,1.506626020928499884e+03,2.047463290100774000e+16
2.725000000000178045e-05,8.658897560833146656e+01,2.040978929130452000e+16,5.875471728865852356e+09,1.499650372836474844e+03,2.040979516677783600e+16
2.726000000000178205e-05,8.602158480025977383e+01,2.034519024551032000e+16,5.852583913216769218e+09,1.492713987438330378e+03,2.034519609809581200e+16
2.727000000000178364e-05,8.545820208569222132e+01,2.028082886641274400e+16,5.829803616213620186e+09,1.485816610939544944e+03,2.028083469621792800e+16
2.728000000000178524e-05,8.489879712419728719e+01,2.021670415994526400e+16,5.807130256733405113e+09,1.478957991373612913e+03,2.021670996707708400e+16
2.729000000000178684e-05,8.434333982021651366e+01,2.015281513669250000e+16,5.784563257164290428e+09,1.472137878587600653e+03,2.015282092125731200e+16
2.730000000000178844e-05,8.379180032097551134e+01,2.008916081186773200e+16,5.762102043382468224e+09,1.465356024227894977e+03,2.008916657397132400e+16
2.731000000000179004e-05,8.324414901439702419e+01,2.002574020528774800e+16,5.739746044728959084e+09,1.458612181726031395e+03,2.002574594503533600e+16
2.732000000000179164e-05,8.270035652705209372e+01,1.996255234135016400e+16,5.717494693986680984e+09,1.451906106284654925e+03,1.996255805884639200e+16
2.733000000000179323e-05,8.216039372210224201e+01,1.989959624900868400e+16,5.695347427357740402e+09,1.445237554863626656e+03,1.989960194435764000e+16
2.734000000000179483e-05,8.162423169728896255e+01,1.983687096175024800e+16,5.673303684440719604e+09,1.438606286166215114e+03,1.983687663505545200e+16
2.735000000000179643e-05,8.109184178292458967e+01,1.977437551757116400e+16,5.651362908208178520e+09,1.432012060625380627e+03,1.977438116893558400e+16
2.736000000000179803e-05,8.056319553990509519e+01,1.971210895895507200e+16,5.629524544984525681e+09,1.425454640390246141e+03,1.971211458848112000e+16
2.737000000000179963e-05,8.003826475773838922e+01,1.965007033284747200e+16,5.607788044423598289e+09,1.418933789312641920e+03,1.965007594063701600e+16
2.738000000000180123e-05,7.951702145259865517e+01,1.958825869063510800e+16,5.586152859486967087e+09,1.412449272933752127e+03,1.958826427678946000e+16
2.739000000000180282e-05,7.899943786539105872e+01,1.952667308812205200e+16,5.564618446421987534e+09,1.406000858470904177e+03,1.952667865274198800e+16
2.740000000000180442e-05,7.848548645983314032e+01,1.946531258550661600e+16,5.543184264740117073e+09,1.399588314804457013e+03,1.946531812869236000e+16
2.741000000000180602e-05,7.797513992055890242e+01,1.940417624735966800e+16,5.521849777195377350e+09,1.393211412464775549e+03,1.940418176921091200e+16
2.742000000000180762e-05,7.746837115123342699e+01,1.934326314260126000e+16,5.500614449763102531e+09,1.386869923619376550e+03,1.934326864321717200e+16
2.743000000000180922e-05,7.696515327269437989e+01,1.928257234447879200e+16,5.479477751618604660e+09,1.380563622060113403e+03,1.928257782395800000e+16
2.744000000000181082e-05,7.646545962109811967e+01,1.922210293054470000e+16,5.458439155116222382e+09,1.374292283190512308e+03,1.922210838898530800e+16
2.745000000000181241e-05,7.596926374608916888e+01,1.916185398263416400e+16,5.437498135768343925e+09,1.368055684013203518e+03,1.916185942013374400e+16
2.746000000000181401e-05,7.547653940899033387e+01,1.910182458684337600e+16,5.416654172224696159e+09,1.361853603117471948e+03,1.910183000349898400e+16
2.747000000000181561e-05,7.498726058099735781e+01,1.904201383350729200e+16,5.395906746251676559e+09,1.355685820666863719e+03,1.904201922941547200e+16
2.748000000000181721e-05,7.450140144140475229e+01,1.898242081717886000e+16,5.375255342712004662e+09,1.349552118386981647e+03,1.898242619243562800e+16
2.749000000000181881e-05,7.401893637582728047e+01,1.892304463660583200e+16,5.354699449544280052e+09,1.343452279553288690e+03,1.892304999130670000e+16
2.750000000000182041e-05,7.353983997446505327e+01,1.886388439471056000e+16,5.334238557742844582e+09,1.337386088979090118e+03,1.886388972895052400e+16
2.751000000000182200e-05,7.306408703035357632e+01,1.880493919856845600e+16,5.313872161337818146e+09,1.331353333003582293e+03,1.880494451244202000e+16
2.752000000000182360e-05,7.259165253765463888e+01,1.874620815938599200e+16,5.293599757375144958e+09,1.325353799479973077e+03,1.874621345298714400e+16
2.753000000000182520e-05,7.212251168995109651e+01,1.868769039248048000e+16,5.273420845896896362e+09,1.319387277763789598e+03,1.868769566590271600e+16
2.754000000000182680e-05,7.165663987855268147e+01,1.862938501725844800e+16,5.253334929921609879e+09,1.313453558701191014e+03,1.862939027059476000e+16
2.755000000000182840e-05,7.119401269082952410e+01,1.857129115719520800e+16,5.233341515424906731e+09,1.307552434617432027e+03,1.857129639053810400e+16
2.756000000000183000e-05,7.073460590854921293e+01,1.851340793981314800e+16,5.213440111320021629e+09,1.301683699305388018e+03,1.851341315325463200e+16
2.757000000000183159e-05,7.027839550623583875e+01,1.845573449666240000e+16,5.193630229438792229e+09,1.295847148014220920e+03,1.845573969029399600e+16
2.758000000000183319e-05,6.982535764953874491e+01,1.839826996329962400e+16,5.173911384512489319e+09,1.290042577438116723e+03,1.839827513721236800e+16
2.759000000000183479e-05,6.937546869362073210e+01,1.834101347926711600e+16,5.154283094152933121e+09,1.284269785705093454e+03,1.834101863355156400e+16
2.760000000000183639e-05,6.892870518155595505e+01,1.828396418807322000e+16,5.134744878833698273e+09,1.278528572365944910e+03,1.828396932281944800e+16
2.761000000000183799e-05,6.848504384274765755e+01,1.822712123717204800e+16,5.115296261871444702e+09,1.272818738383246000e+03,1.822712635246964800e+16
2.762000000000183959e-05,6.804446159134960226e+01,1.817048377794271600e+16,5.095936769407442093e+09,1.267140086120466776e+03,1.817048887388082000e+16
2.763000000000184118e-05,6.760693552471799705e+01,1.811405096567007200e+16,5.076665930389143944e+09,1.261492419331169003e+03,1.811405604233733200e+16
2.764000000000184278e-05,6.717244292186069288e+01,1.805782195952488800e+16,5.057483276551960945e+09,1.255875543148302768e+03,1.805782701700948800e+16
2.765000000000184438e-05,6.674096124191093793e+01,1.800179592254328800e+16,5.038388342401057243e+09,1.250289264073566528e+03,1.800180096093294600e+16
2.766000000000184598e-05,6.631246812261079526e+01,1.794597202160781600e+16,5.019380665193480492e+09,1.244733389966899722e+03,1.794597704098979200e+16
2.767000000000184758e-05,6.588694137880619905e+01,1.789034942742784400e+16,5.000459784920115471e+09,1.239207730036008570e+03,1.789035442788893400e+16
2.768000000000184918e-05,6.546435900096291505e+01,1.783492731452007400e+16,4.981625244288106918e+09,1.233712094826035127e+03,1.783493229614661800e+16
2.769000000000185077e-05,6.504469915368171939e+01,1.777970486118852600e+16,4.962876588703055382e+09,1.228246296209263846e+03,1.777970982406640800e+16
2.770000000000185237e-05,6.462794017424539561e+01,1.772468124950667600e+16,4.944213366251717567e+09,1.222810147374948656e+03,1.772468619372132800e+16
2.771000000000185397e-05,6.421406057116183774e+01,1.766985566529690000e+16,4.925635127684399605e+09,1.217403462819191873e+03,1.766986059093331000e+16
2.772000000000185557e-05,6.380303902273042382e+01,1.761522729811291600e+16,4.907141426397977829e+09,1.212026058334953632e+03,1.761523220525561800e+16
2.773000000000185717e-05,6.339485437561634029e+01,1.756079534121947000e+16,4.888731818418489456e+09,1.206677751002089281e+03,1.756080022995255800e+16
2.774000000000185877e-05,6.298948564343867673e+01,1.750655899157459400e+16,4.870405862384292603e+09,1.201358359177503417e+03,1.750656386198172000e+16
2.775000000000186036e-05,6.258691200537267463e+01,1.745251744981050200e+16,4.852163119529085159e+09,1.196067702485397149e+03,1.745252230197488000e+16
2.776000000000186196e-05,6.218711280476256320e+01,1.739866992021483400e+16,4.834003153665205956e+09,1.190805601807539688e+03,1.739867475421924000e+16
2.777000000000186356e-05,6.179006754774513865e+01,1.734501561071259400e+16,4.815925531166939735e+09,1.185571879273694549e+03,1.734502042663937400e+16
2.778000000000186516e-05,6.139575590189142673e+01,1.729155373284761400e+16,4.797929820953911781e+09,1.180366358252065538e+03,1.729155853077867600e+16
2.779000000000186676e-05,6.100415769485176298e+01,1.723828350176384400e+16,4.780015594474781036e+09,1.175188863339860063e+03,1.723828828178067600e+16
2.780000000000186836e-05,6.061525291302242380e+01,1.718520413618797400e+16,4.762182425690826416e+09,1.170039220353890187e+03,1.718520889837163000e+16
2.781000000000186995e-05,6.022902170021445301e+01,1.713231485841082400e+16,4.744429891059854507e+09,1.164917256321314653e+03,1.713231960284194000e+16
2.782000000000187155e-05,5.984544435634381898e+01,1.707961489426930200e+16,4.726757569519997597e+09,1.159822799470372502e+03,1.707961962102809200e+16
2.783000000000187315e-05,5.946450133612369626e+01,1.702710347312886600e+16,4.709165042473847389e+09,1.154755679221275386e+03,1.702710818229512200e+16
2.784000000000187475e-05,5.908617324777502944e+01,1.697477982786540800e+16,4.691651893772487640e+09,1.149715726177112856e+03,1.697478451951851200e+16
2.785000000000187635e-05,5.871044085174772675e+01,1.692264319484814800e+16,4.674217709699871063e+09,1.144702772114878599e+03,1.692264786906706000e+16
2.786000000000187795e-05,5.833728505944894493e+01,1.687069281392115400e+16,4.656862078957097054e+09,1.139716649976535564e+03,1.687069747078443000e+16
2.787000000000187954e-05,5.796668693198824229e+01,1.681892792838674400e+16,4.639584592646912575e+09,1.134757193860180905e+03,1.681893256797252800e+16
2.788000000000188114e-05,5.759862767892911251e+01,1.676734778498724800e+16,4.622384844258275032e+09,1.129824239011257760e+03,1.676735240737328000e+16
2.789000000000188274e-05,5.723308865705286053e+01,1.671595163388878600e+16,4.605262429651044846e+09,1.124917621813862752e+03,1.671595623915239800e+16
2.790000000000188434e-05,5.687005136913525405e+01,1.666473872866289200e+16,4.588216947040801048e+09,1.120037179782109661e+03,1.666474331688101600e+16
2.791000000000188594e-05,5.650949746273300178e+01,1.661370832627026400e+16,4.571247996983675003e+09,1.115182751551572437e+03,1.661371289751943200e+16
2.792000000000188754e-05,5.615140872897839586e+01,1.656285968704347400e+16,4.554355182361483574e+09,1.110354176870802803e+03,1.656286424139982200e+16
2.793000000000188913e-05,5.579576710138876905e+01,1.651219207467012200e+16,4.537538108366703033e+09,1.105551296592894914e+03,1.651219661220939200e+16
2.794000000000189073e-05,5.544255465468229005e+01,1.646170475617547400e+16,4.520796382487751961e+09,1.100773952667133244e+03,1.646170927697301200e+16
2.795000000000189233e-05,5.509175360360734430e+01,1.641139700190676000e+16,4.504129614494188309e+09,1.096021988130732552e+03,1.641140150603752600e+16
2.796000000000189393e-05,5.474334630178297800e+01,1.636126808551549600e+16,4.487537416422385216e+09,1.091295247100599227e+03,1.636127257305405800e+16
2.797000000000189553e-05,5.439731524054019474e+01,1.631131728394162800e+16,4.471019402560776711e+09,1.086593574765184940e+03,1.631132175496217000e+16
2.798000000000189713e-05,5.405364304779199358e+01,1.626154387739701200e+16,4.454575189435634613e+09,1.081916817376425342e+03,1.626154833197333800e+16
2.799000000000189872e-05,5.371231248689091586e+01,1.621194714934849800e+16,4.438204395796771049e+09,1.077264822241704906e+03,1.621195158755402600e+16
2.800000000000190032e-05,5.337330645551505626e+01,1.616252638650233600e+16,4.421906642603239059e+09,1.072637437715904980e+03,1.616253080841010400e+16
2.801000000000190192e-05,5.303660798455398151e+01,1.611328087878778200e+16,4.405681553009408951e+09,1.068034513193536213e+03,1.611328528447045800e+16
2.802000000000190352e-05,5.270220023700793632e+01,1.606420991934027200e+16,4.389528752350874901e+09,1.063455899100901888e+03,1.606421430887014000e+16
2.803000000000190512e-05,5.237006650689250620e+01,1.601531280448672800e+16,4.373447868130607605e+09,1.058901446888346072e+03,1.601531717793570600e+16
2.804000000000190672e-05,5.204019021816013435e+01,1.596658883372878600e+16,4.357438530005142212e+09,1.054371009022553608e+03,1.596659319116842200e+16
2.805000000000190831e-05,5.171255492362656270e+01,1.591803730972689800e+16,4.341500369770897865e+09,1.049864438978940598e+03,1.591804165122837000e+16
2.806000000000190991e-05,5.138714430390236032e+01,1.586965753828509000e+16,4.325633021350534439e+09,1.045381591234046255e+03,1.586966186391921000e+16
2.807000000000191151e-05,5.106394216634402738e+01,1.582144882833469200e+16,4.309836120779494286e+09,1.040922321258062311e+03,1.582145313817190400e+16
2.808000000000191311e-05,5.074293244400761438e+01,1.577341049191947000e+16,4.294109306192523003e+09,1.036486485507362204e+03,1.577341478602986200e+16
2.809000000000191471e-05,5.042409919460789780e+01,1.572554184417944200e+16,4.278452217810463905e+09,1.032073941417127116e+03,1.572554612263274200e+16
2.810000000000191631e-05,5.010742659949958977e+01,1.567784220333582200e+16,4.262864497926865101e+09,1.027684547394015908e+03,1.567784646620139800e+16
2.811000000000191790e-05,4.979289896265027693e+01,1.563031089067556000e+16,4.247345790894916058e+09,1.023318162808891202e+03,1.563031513802242400e+16
2.812000000000191950e-05,4.948050070963788016e+01,1.558294723053657600e+16,4.231895743114451885e+09,1.018974647989613800e+03,1.558295146243338800e+16
2.813000000000192110e-05,4.917021638664773064e+01,1.553575055029169000e+16,4.216514003018881321e+09,1.014653864213906331e+03,1.553575476680675800e+16
2.814000000000192270e-05,4.886203065947834290e+01,1.548872018033445000e+16,4.201200221062412262e+09,1.010355673702243166e+03,1.548872438153573000e+16
2.815000000000192430e-05,4.855592831256351616e+01,1.544185545406367800e+16,4.185954049707252026e+09,1.006079939610820247e+03,1.544185964001878200e+16
2.816000000000192590e-05,4.825189424799181381e+01,1.539515570786825000e+16,4.170775143410718918e+09,1.001826526024577788e+03,1.539515987864444400e+16
2.817000000000192749e-05,4.794991348454706781e+01,1.534862028111312000e+16,4.155663158612997532e+09,9.975952979502889093e+02,1.534862443677732400e+16
2.818000000000192909e-05,4.764997115674332662e+01,1.530224851612372800e+16,4.140617753724294662e+09,9.933861213096664642e+02,1.530225265674252400e+16
2.819000000000193069e-05,4.735205251388070025e+01,1.525603975817204000e+16,4.125638589112568855e+09,9.891988629325863940e+02,1.525604388381166800e+16
2.820000000000193229e-05,4.705614291910308111e+01,1.520999335546137400e+16,4.110725327091180325e+09,9.850333905503158576e+02,1.520999746618773600e+16
2.821000000000193389e-05,4.676222784846410008e+01,1.516410865911201400e+16,4.095877631906497002e+09,9.808895727888091187e+02,1.516411275499067200e+16
2.822000000000193549e-05,4.647029289000194296e+01,1.511838502314742200e+16,4.081095169725878239e+09,9.767672791620666430e+02,1.511838910424361400e+16
2.823000000000193708e-05,4.618032374282405783e+01,1.507282180447849800e+16,4.066377608625403881e+09,9.726663800655302339e+02,1.507282587085712400e+16
2.824000000000193868e-05,4.589230621619656603e+01,1.502741836289075200e+16,4.051724618578028679e+09,9.685867467695642290e+02,1.502742241461638400e+16
2.825000000000194028e-05,4.560622622864348585e+01,1.498217406102933400e+16,4.037135871441521168e+09,9.645282514129509082e+02,1.498217809816621600e+16
2.826000000000194188e-05,4.532206980705636568e+01,1.493708826438502400e+16,4.022611040946667671e+09,9.604907669964521801e+02,1.493709228699707000e+16
2.827000000000194348e-05,4.503982308580187066e+01,1.489216034128028000e+16,4.008149802685496807e+09,9.564741673764382313e+02,1.489216434943108400e+16
2.828000000000194507e-05,4.475947230585266112e+01,1.484738966285528200e+16,3.993751834099610806e+09,9.524783272585552822e+02,1.484739365660811200e+16
2.829000000000194667e-05,4.448100381390892721e+01,1.480277560305379400e+16,3.979416814468486309e+09,9.485031221914232447e+02,1.480277958247160000e+16
2.830000000000194827e-05,4.420440406154109780e+01,1.475831753860982400e+16,3.965144424898024559e+09,9.445484285604173920e+02,1.475832150375523600e+16
2.831000000000194987e-05,4.392965960433157591e+01,1.471401484903305200e+16,3.950934348309115887e+09,9.406141235815027812e+02,1.471401879996838400e+16
2.832000000000195147e-05,4.365675710102772200e+01,1.466986691659608000e+16,3.936786269426168442e+09,9.367000852950659464e+02,1.466987085338333000e+16
2.833000000000195307e-05,4.338568331270268885e+01,1.462587312632046600e+16,3.922699874765892982e+09,9.328061925598645985e+02,1.462587704902131600e+16
2.834000000000195466e-05,4.311642510191742872e+01,1.458203286596281400e+16,3.908674852626027584e+09,9.289323250469735740e+02,1.458203677463863800e+16
2.835000000000195626e-05,4.284896943190086205e+01,1.453834552600221800e+16,3.894710893074267387e+09,9.250783632338118423e+02,1.453834942071408000e+16
2.836000000000195786e-05,4.258330336572434049e+01,1.449481049962568000e+16,3.880807687937142372e+09,9.212441883981933870e+02,1.449481438043433200e+16
2.837000000000195946e-05,4.231941406549475460e+01,1.445142718271600200e+16,3.866964930788994312e+09,9.174296826124319750e+02,1.445143104968189200e+16
2.838000000000196106e-05,4.205728879154607824e+01,1.440819497383775400e+16,3.853182316941072941e+09,9.136347287375194810e+02,1.440819882702102600e+16
2.839000000000196266e-05,4.179691490164277212e+01,1.436511327422418800e+16,3.839459543430750370e+09,9.098592104172964810e+02,1.436511711368468400e+16
2.840000000000196425e-05,4.153827985018811830e+01,1.432218148776466800e+16,3.825796309010720253e+09,9.061030120727314170e+02,1.432218531356192600e+16
2.841000000000196585e-05,4.128137118743887157e+01,1.427939902099112400e+16,3.812192314138273239e+09,9.023660188961996482e+02,1.427940283318438200e+16
2.842000000000196745e-05,4.102617655873011415e+01,1.423676528306530800e+16,3.798647260964681149e+09,8.986481168458178672e+02,1.423676908171350800e+16
2.843000000000196905e-05,4.077268370370097017e+01,1.419427968576580000e+16,3.785160853324664116e+09,8.949491926398490023e+02,1.419428347092758800e+16
2.844000000000197065e-05,4.052088045553153961e+01,1.415194164347528800e+16,3.771732796725848198e+09,8.912691337511016627e+02,1.415194541520901600e+16
2.845000000000197225e-05,4.027075474018533896e+01,1.410975057316793000e+16,3.758362798338487625e+09,8.876078284014396331e+02,1.410975433153165600e+16
2.846000000000197384e-05,4.002229457565807991e+01,1.406770589439626800e+16,3.745050566984950542e+09,8.839651655562769292e+02,1.406770963944775800e+16
2.847000000000197544e-05,3.977548807123018548e+01,1.402580702927889800e+16,3.731795813129547596e+09,8.803410349191271962e+02,1.402581076107563200e+16
2.848000000000197704e-05,3.953032342673243704e+01,1.398405340248826600e+16,3.718598248868353844e+09,8.767353269262445110e+02,1.398405712108743000e+16
2.849000000000197864e-05,3.928678893180996567e+01,1.394244444123753600e+16,3.705457587919015884e+09,8.731479327412488374e+02,1.394244814669603800e+16
2.850000000000198024e-05,3.904487296519769046e+01,1.390097957526862800e+16,3.692373545610697746e+09,8.695787442498029804e+02,1.390098326764308400e+16
2.851000000000198184e-05,3.880456399400187451e+01,1.385965823683952800e+16,3.679345838874093056e+09,8.660276540543713963e+02,1.385966191618627000e+16
2.852000000000198343e-05,3.856585057298342889e+01,1.381847986071265200e+16,3.666374186231534481e+09,8.624945554689766141e+02,1.381848352708773800e+16
2.853000000000198503e-05,3.832872134385230112e+01,1.377744388414158800e+16,3.653458307787043095e+09,8.589793425140117051e+02,1.377744753760079200e+16
2.854000000000198663e-05,3.809316503456565073e+01,1.373654974685999400e+16,3.640597925216628075e+09,8.554819099111153946e+02,1.373655338745881400e+16
2.855000000000198823e-05,3.785917045863369168e+01,1.369579689106895400e+16,3.627792761758488655e+09,8.520021530780391004e+02,1.369580051886260600e+16
2.856000000000198983e-05,3.762672651442713345e+01,1.365518476142532200e+16,3.615042542203400612e+09,8.485399681236090146e+02,1.365518837646875000e+16
2.857000000000199143e-05,3.739582218449587003e+01,1.361471280502911400e+16,3.602346992885059357e+09,8.450952518426896631e+02,1.361471640737699000e+16
2.858000000000199302e-05,3.716644653489026950e+01,1.357438047141226200e+16,3.589705841670596600e+09,8.416679017112007841e+02,1.357438406111898400e+16
2.859000000000199462e-05,3.693858871448883718e+01,1.353418721252672400e+16,3.577118817951081753e+09,8.382578158811785443e+02,1.353419078964641600e+16
2.860000000000199622e-05,3.671223795433260761e+01,1.349413248273228200e+16,3.564585652632140636e+09,8.348648931758596063e+02,1.349413604731880400e+16
2.861000000000199782e-05,3.648738356696309637e+01,1.345421573878529000e+16,3.552106078124547482e+09,8.314890330848287476e+02,1.345421929089223600e+16
2.862000000000199942e-05,3.626401494576955287e+01,1.341443643982696600e+16,3.539679828335048199e+09,8.281301357591751184e+02,1.341443997950765800e+16
2.863000000000200102e-05,3.604212156433658976e+01,1.337479404737147800e+16,3.527306638657043934e+09,8.247881020067120517e+02,1.337479757467897600e+16
2.864000000000200261e-05,3.582169297580250600e+01,1.333528802529477200e+16,3.514986245961492062e+09,8.214628332872147212e+02,1.333529154028187600e+16
2.865000000000200421e-05,3.560271881221892443e+01,1.329591783982314800e+16,3.502718388587768555e+09,8.181542317077137341e+02,1.329592134254239000e+16
2.866000000000200581e-05,3.538518878392002165e+01,1.325668295952155400e+16,3.490502806334705353e+09,8.148622000178136204e+02,1.325668645002521000e+16
2.867000000000200741e-05,3.516909267889194268e+01,1.321758285528263200e+16,3.478339240451461315e+09,8.115866416050353109e+02,1.321758633362272000e+16
2.868000000000200901e-05,3.495442036215220583e+01,1.317861700031535200e+16,3.466227433628877640e+09,8.083274604902480860e+02,1.317862046654362800e+16
2.869000000000201061e-05,3.474116177513328552e+01,1.313978487013314600e+16,3.454167129990280151e+09,8.050845613230482058e+02,1.313978832430111600e+16
2.870000000000201220e-05,3.452930693506797866e+01,1.310108594254376000e+16,3.442158075082977772e+09,8.018578493772754427e+02,1.310108938470267200e+16
2.871000000000201380e-05,3.431884593438590514e+01,1.306251969763780800e+16,3.430200015869334698e+09,7.986472305464708370e+02,1.306252312783865600e+16
2.872000000000201540e-05,3.410976894010965310e+01,1.302408561777733000e+16,3.418292700718238354e+09,7.954526113394564391e+02,1.302408903607086000e+16
2.873000000000201700e-05,3.390206619325913096e+01,1.298578318758530600e+16,3.406435879396348000e+09,7.922738988758687810e+02,1.298578659402201200e+16
2.874000000000201860e-05,3.369572800826026082e+01,1.294761189393462000e+16,3.394629303059604645e+09,7.891110008817822745e+02,1.294761528856474800e+16
2.875000000000202020e-05,3.349074477235785707e+01,1.290957122593701600e+16,3.382872724244712830e+09,7.859638256853559142e+02,1.290957460881056000e+16
2.876000000000202179e-05,3.328710694503534739e+01,1.287166067493237600e+16,3.371165896860675335e+09,7.828322822124960112e+02,1.287166404609908800e+16
2.877000000000202339e-05,3.308480505743744970e+01,1.283387973447826400e+16,3.359508576180391788e+09,7.797162799825615593e+02,1.283388309398765400e+16
2.878000000000202499e-05,3.288382971179868264e+01,1.279622790033864800e+16,3.347900518832402706e+09,7.766157291041274675e+02,1.279623124823997400e+16
2.879000000000202659e-05,3.268417158087584085e+01,1.275870467047394600e+16,3.336341482792490005e+09,7.735305402707346047e+02,1.275870800681623400e+16
2.880000000000202819e-05,3.248582140738609780e+01,1.272130954502993800e+16,3.324831227375486851e+09,7.704606247567122637e+02,1.272131286986196800e+16
2.881000000000202979e-05,3.228877000345217851e+01,1.268404202632738200e+16,3.313369513227200031e+09,7.674058944130158579e+02,1.268404533969769600e+16
2.882000000000203138e-05,3.209300825004441293e+01,1.264690161885166600e+16,3.301956102316115856e+09,7.643662616630901994e+02,1.264690492080856400e+16
2.883000000000203298e-05,3.189852709643846751e+01,1.260988782924228000e+16,3.290590757925511360e+09,7.613416394987938247e+02,1.260989111983383200e+16
2.884000000000203458e-05,3.170531755966896981e+01,1.257300016628274200e+16,3.279273244645333767e+09,7.583319414763118402e+02,1.257300344555677600e+16
2.885000000000203618e-05,3.151337072399000760e+01,1.253623814088955600e+16,3.268003328364242554e+09,7.553370817121436858e+02,1.253624140889367200e+16
2.886000000000203778e-05,3.132267774034336227e+01,1.249960126610287600e+16,3.256780776261780262e+09,7.523569748790938547e+02,1.249960452288443600e+16
2.887000000000203938e-05,3.113322982582617016e+01,1.246308905707573400e+16,3.245605356800459385e+09,7.493915362023057014e+02,1.246309230268187200e+16
2.888000000000204097e-05,3.094501826316812654e+01,1.242670103106413200e+16,3.234476839717987537e+09,7.464406814553153708e+02,1.242670426554174800e+16
2.889000000000204257e-05,3.075803440020806079e+01,1.239043670741687800e+16,3.223394996019480228e+09,7.435043269561499528e+02,1.239043993081264800e+16
2.890000000000204417e-05,3.057226964937938263e+01,1.235429560756553400e+16,3.212359597969829559e+09,7.405823895634534892e+02,1.235429881992590200e+16
2.891000000000204577e-05,3.038771548719720528e+01,1.231827725501443800e+16,3.201370419085972309e+09,7.376747866726212806e+02,1.231828045638562600e+16
2.892000000000204737e-05,3.020436345374977449e+01,1.228238117533129200e+16,3.190427234129375458e+09,7.347814362120049054e+02,1.228238436575929000e+16
2.893000000000204897e-05,3.002220515219588393e+01,1.224660689613571000e+16,3.179529819098428249e+09,7.319022566391062128e+02,1.224661007566629200e+16
2.894000000000205056e-05,2.984123224826566556e+01,1.221095394709147200e+16,3.168677951220982552e+09,7.290371669368302037e+02,1.221095711577018400e+16
2.895000000000205216e-05,2.966143646976292914e+01,1.217542185989545600e+16,3.157871408946891785e+09,7.261860866097430289e+02,1.217542501776762000e+16
2.896000000000205376e-05,2.948280960607735679e+01,1.214001016826822800e+16,3.147109971940605640e+09,7.233489356803664805e+02,1.214001331537895400e+16
2.897000000000205536e-05,2.930534350769546137e+01,1.210471840794423400e+16,3.136393421073839188e+09,7.205256346855288712e+02,1.210472154433840600e+16
2.898000000000205696e-05,2.912903008571840502e+01,1.206954611666247200e+16,3.125721538418260098e+09,7.177161046726957920e+02,1.206954924238475800e+16
2.899000000000205856e-05,2.895386131138367247e+01,1.203449283415679000e+16,3.115094107238240719e+09,7.149202671963661260e+02,1.203449594925164000e+16
2.900000000000206015e-05,2.877982921558794516e+01,1.199955810214623400e+16,3.104510911983636379e+09,7.121380443144728360e+02,1.199956120665788600e+16
2.901000000000206175e-05,2.860692588841963513e+01,1.196474146432584200e+16,3.093971738282645226e+09,7.093693585848313887e+02,1.196474455829831800e+16
2.902000000000206335e-05,2.843514347868850578e+01,1.193004246635680200e+16,3.083476372934710979e+09,7.066141330616022742e+02,1.193004554983390800e+16
2.903000000000206495e-05,2.826447419346475698e+01,1.189546065585757400e+16,3.073024603903398991e+09,7.038722912917794474e+02,1.189546372888291000e+16
2.904000000000206655e-05,2.809491029762003933e+01,1.186099558239420600e+16,3.062616220309476852e+09,7.011437573117214015e+02,1.186099864501115600e+16
2.905000000000206815e-05,2.792644411336983623e+01,1.182664679747135600e+16,3.052251012423823357e+09,6.984284556436762159e+02,1.182664984972309400e+16
2.906000000000206974e-05,2.775906801982566918e+01,1.179241385452273400e+16,3.041928771660604954e+09,6.957263112923827748e+02,1.179241689645223000e+16
2.907000000000207134e-05,2.759277445254228667e+01,1.175829630890224400e+16,3.031649290570350170e+09,6.930372497416524311e+02,1.175829934055225600e+16
2.908000000000207294e-05,2.742755590307850966e+01,1.172429371787462000e+16,3.021412362833107471e+09,6.903611969509979644e+02,1.172429673928770000e+16
2.909000000000207454e-05,2.726340491855347992e+01,1.169040564060636800e+16,3.011217783251694679e+09,6.876980793522847080e+02,1.169040865182486800e+16
2.910000000000207614e-05,2.710031410121169770e+01,1.165663163815689600e+16,3.001065347744850636e+09,6.850478238464050946e+02,1.165663463922295800e+16
2.911000000000207774e-05,2.693827610798926742e+01,1.162297127346941800e+16,2.990954853340680122e+09,6.824103577999906065e+02,1.162297426442498000e+16
2.912000000000207933e-05,2.677728365008387001e+01,1.158942411136199600e+16,2.980886098169893742e+09,6.797856090421242925e+02,1.158942709224880000e+16
2.913000000000208093e-05,2.661732949253014979e+01,1.155598971851868200e+16,2.970858881459245682e+09,6.771735058611128579e+02,1.155599268937826800e+16
2.914000000000208253e-05,2.645840645377708000e+01,1.152266766348069000e+16,2.960873003524885654e+09,6.745739770012388590e+02,1.152267062435439400e+16
2.915000000000208413e-05,2.630050740526777986e+01,1.148945751663746800e+16,2.950928265765902996e+09,6.719869516595787218e+02,1.148946046756643200e+16
2.916000000000208573e-05,2.614362527102576550e+01,1.145635885021814800e+16,2.941024470657857895e+09,6.694123594828403156e+02,1.145636179124331400e+16
2.917000000000208733e-05,2.598775302724130043e+01,1.142337123828259800e+16,2.931161421746231556e+09,6.668501305641798353e+02,1.142337416944471200e+16
2.918000000000208892e-05,2.583288370186523508e+01,1.139049425671306600e+16,2.921338923640141487e+09,6.643001954401032663e+02,1.139049717805268000e+16
2.919000000000209052e-05,2.567901037420178412e+01,1.135772748320507600e+16,2.911556782005910873e+09,6.617624850873631885e+02,1.135773039476254600e+16
2.920000000000209212e-05,2.552612617450657950e+01,1.132507049725947600e+16,2.901814803560757160e+09,6.592369309198670635e+02,1.132507339907496600e+16
2.921000000000209372e-05,2.537422428359047544e+01,1.129252288017343000e+16,2.892112796066537857e+09,6.567234647856276979e+02,1.129252577228690800e+16
2.922000000000209532e-05,2.522329793242204943e+01,1.126008421503197600e+16,2.882450568323535442e+09,6.542220189637414478e+02,1.126008709748322400e+16
2.923000000000209692e-05,2.507334040173723722e+01,1.122775408669993000e+16,2.872827930164162159e+09,6.517325261613613065e+02,1.122775695952853800e+16
2.924000000000209851e-05,2.492434502164943666e+01,1.119553208181305000e+16,2.863244692446939468e+09,6.492549195107330888e+02,1.119553494505841600e+16
2.925000000000210011e-05,2.477630517126454990e+01,1.116341778876984800e+16,2.853700667050249577e+09,6.467891325662112649e+02,1.116342064247118600e+16
2.926000000000210171e-05,2.462921427829992993e+01,1.113141079772349000e+16,2.844195666866351604e+09,6.443350993013264087e+02,1.113141364191982400e+16
2.927000000000210331e-05,2.448306581870292575e+01,1.109951070057330200e+16,2.834729505795323849e+09,6.418927541058735642e+02,1.109951353530347400e+16
2.928000000000210491e-05,2.433785331627683490e+01,1.106771709095619200e+16,2.825301998739042759e+09,6.394620317830102749e+02,1.106771991625885400e+16
2.929000000000210651e-05,2.419357034230678494e+01,1.103602956423950200e+16,2.815912961595251560e+09,6.370428675463816717e+02,1.103603238015312600e+16
2.930000000000210810e-05,2.405021051519139874e+01,1.100444771751158400e+16,2.806562211251582146e+09,6.346351970172581787e+02,1.100445052407445400e+16
2.931000000000210970e-05,2.390776750007451668e+01,1.097297114957479800e+16,2.797249565579789162e+09,6.322389562217252887e+02,1.097297394682502000e+16
2.932000000000211130e-05,2.376623500848225135e+01,1.094159946093665400e+16,2.787974843429778099e+09,6.298540815878604917e+02,1.094160224891215200e+16
2.933000000000211290e-05,2.362560679796173346e+01,1.091033225380226200e+16,2.778737864623866558e+09,6.274805099429462416e+02,1.091033503254077800e+16
2.934000000000211450e-05,2.348587667172447624e+01,1.087916913206633800e+16,2.769538449951016426e+09,6.251181785106984989e+02,1.087917190160543800e+16
2.935000000000211610e-05,2.334703847828966161e+01,1.084810970130488000e+16,2.760376421161093712e+09,6.227670249085373371e+02,1.084811246168194800e+16
2.936000000000211769e-05,2.320908611113441111e+01,1.081715356876779400e+16,2.751251600959170341e+09,6.204269871448303775e+02,1.081715632002003800e+16
2.937000000000211929e-05,2.307201350834317566e+01,1.078630034337050800e+16,2.742163812999817848e+09,6.180980036162213764e+02,1.078630308553496200e+16
2.938000000000212089e-05,2.293581465226243665e+01,1.075554963568659600e+16,2.733112881881616116e+09,6.157800131049230004e+02,1.075555236880011600e+16
2.939000000000212249e-05,2.280048356915619223e+01,1.072490105793992800e+16,2.724098633141425133e+09,6.134729547760530295e+02,1.072490378203919800e+16
2.940000000000212409e-05,2.266601432886756839e+01,1.069435422399668200e+16,2.715120893248928547e+09,6.111767681750031898e+02,1.069435693911821000e+16
2.941000000000212569e-05,2.253240104447895931e+01,1.066390874935783000e+16,2.706179489601082802e+09,6.088913932247991170e+02,1.066391145553795000e+16
2.942000000000212728e-05,2.239963787197855893e+01,1.063356425115158200e+16,2.697274250516649246e+09,6.066167702235064780e+02,1.063356694842646000e+16
2.943000000000212888e-05,2.226771900992731190e+01,1.060332034812564200e+16,2.688405005230745316e+09,6.043528398416356140e+02,1.060332303653127400e+16
2.944000000000213048e-05,2.213663869913022353e+01,1.057317666063951800e+16,2.679571583889468193e+09,6.020995431195916581e+02,1.057317934021172600e+16
2.945000000000213208e-05,2.200639122230878897e+01,1.054313281065739400e+16,2.670773817544482231e+09,5.998568214650988466e+02,1.054313548143183400e+16
2.946000000000213368e-05,2.187697090377764297e+01,1.051318842173989800e+16,2.662011538147632122e+09,5.976246166506954296e+02,1.051319108375205600e+16
2.947000000000213528e-05,2.174837210912263785e+01,1.048334311903750800e+16,2.653284578545808315e+09,5.954028708112278991e+02,1.048334577232270400e+16
2.948000000000213687e-05,2.162058924488182399e+01,1.045359652928260600e+16,2.644592772475502014e+09,5.931915264413437399e+02,1.045359917387599400e+16
2.949000000000213847e-05,2.149361675823034190e+01,1.042394828078215800e+16,2.635935954557650566e+09,5.909905263930249930e+02,1.042395091671872400e+16
2.950000000000214007e-05,2.136744913666565537e+01,1.039439800341037400e+16,2.627313960292446136e+09,5.887998138731419431e+02,1.039440063072494400e+16
2.951000000000214167e-05,2.124208090769692703e+01,1.036494532860157400e+16,2.618726626054112434e+09,5.866193324410149899e+02,1.036494794732880800e+16
2.952000000000214327e-05,2.111750663853664278e+01,1.033558988934258600e+16,2.610173789085806847e+09,5.844490260059942557e+02,1.033559249951698200e+16
2.953000000000214487e-05,2.099372093579441056e+01,1.030633132016597400e+16,2.601655287494534969e+09,5.822888388250646585e+02,1.030633392182186400e+16
2.954000000000214646e-05,2.087071844517298658e+01,1.027716925714256200e+16,2.593170960246016502e+09,5.801387155004624674e+02,1.027717185031412200e+16
2.955000000000214806e-05,2.074849385116914391e+01,1.024810333787374600e+16,2.584720647159714699e+09,5.779986009773182332e+02,1.024810592259499200e+16
2.956000000000214966e-05,2.062704187677194767e+01,1.021913320148553000e+16,2.576304188903788567e+09,5.758684405413018794e+02,1.021913577779031400e+16
2.957000000000215126e-05,2.050635728316998296e+01,1.019025848862061600e+16,2.567921426990141869e+09,5.737481798163030362e+02,1.019026105654263600e+16
2.958000000000215286e-05,2.038643486945507277e+01,1.016147884143150800e+16,2.559572203769461155e+09,5.716377647621187634e+02,1.016148140100430400e+16
2.959000000000215446e-05,2.026726947233253284e+01,1.013279390357360600e+16,2.551256362426331997e+09,5.695371416721571904e+02,1.013279645483055800e+16
2.960000000000215605e-05,2.014885596583082616e+01,1.010420332019809600e+16,2.542973746974328041e+09,5.674462571711575265e+02,1.010420586317243000e+16
2.961000000000215765e-05,2.003118926101625874e+01,1.007570673794518200e+16,2.534724202251175880e+09,5.653650582129431541e+02,1.007570927266997000e+16
2.962000000000215925e-05,1.991426430570816919e+01,1.004730380493678800e+16,2.526507573913966179e+09,5.632934920781699475e+02,1.004730633144494600e+16
2.963000000000216085e-05,1.979807608419621090e+01,1.001899417077038600e+16,2.518323708434322357e+09,5.612315063721002844e+02,1.001899668909467600e+16
2.964000000000216245e-05,1.968261961696249784e+01,9.990777486511434000e+15,2.510172453093678951e+09,5.591790490223934285e+02,9.990779996684468000e+15
2.965000000000216405e-05,1.956788996040170403e+01,9.962653404686730000e+15,2.502053655978508949e+09,5.571360682769199002e+02,9.962655906740964000e+15
2.966000000000216564e-05,1.945388220654827549e+01,9.934621579278214000e+15,2.493967165975689411e+09,5.551025127015677754e+02,9.934624073245956000e+15
2.967000000000216724e-05,1.934059148280216434e+01,9.906681665715442000e+15,2.485912832767812729e+09,5.530783311781018483e+02,9.906684151628848000e+15
2.968000000000216884e-05,1.922801295165740854e+01,9.878833320869382000e+15,2.477890506828529835e+09,5.510634729020059694e+02,9.878835798760460000e+15
2.969000000000217044e-05,1.911614181043616156e+01,9.851076203045634000e+15,2.469900039417947769e+09,5.490578873803576698e+02,9.851078672946244000e+15
2.970000000000217204e-05,1.900497329101941091e+01,9.823409971977612000e+15,2.461941282578099251e+09,5.470615244297143818e+02,9.823412433919462000e+15
2.971000000000217364e-05,1.889450265958452135e+01,9.795834288820184000e+15,2.454014089128332138e+09,5.450743341740190999e+02,9.795836742834838000e+15
2.972000000000217523e-05,1.878472521634299142e+01,9.768348816143116000e+15,2.446118312660812378e+09,5.430962670425101351e+02,9.768351262261990000e+15
2.973000000000217683e-05,1.867563629527979074e+01,9.740953217924306000e+15,2.438253807536060810e+09,5.411272737676595170e+02,9.740955656178674000e+15
2.974000000000217843e-05,1.856723126389642431e+01,9.713647159543490000e+15,2.430420428878421783e+09,5.391673053831265179e+02,9.713649589964476000e+15
2.975000000000218003e-05,1.845950552295419200e+01,9.686430307775612000e+15,2.422618032571725845e+09,5.372163132217136763e+02,9.686432730394200000e+15
2.976000000000218163e-05,1.835245450622139174e+01,9.659302330784544000e+15,2.414846475254799366e+09,5.352742489133426034e+02,9.659304745631574000e+15
2.977000000000218322e-05,1.824607368022122600e+01,9.632262898116710000e+15,2.407105614317130089e+09,5.333410643830599156e+02,9.632265305222876000e+15
2.978000000000218482e-05,1.814035854398177250e+01,9.605311680694456000e+15,2.399395307894520283e+09,5.314167118490369148e+02,9.605314080090314000e+15
2.979000000000218642e-05,1.803530462878923402e+01,9.578448350809882000e+15,2.391715414864697933e+09,5.295011438205840477e+02,9.578450742525844000e+15
2.980000000000218802e-05,1.793090749794243877e+01,9.551672582118696000e+15,2.384065794843142033e+09,5.275943130962101577e+02,9.551674966185036000e+15
2.981000000000218962e-05,1.782716274650773158e+01,9.524984049633624000e+15,2.376446308178682804e+09,5.256961727616536564e+02,9.524986426080476000e+15
2.982000000000219122e-05,1.772406600107871455e+01,9.498382429718386000e+15,2.368856815949359417e+09,5.238066761879590558e+02,9.498384798575744000e+15
2.983000000000219281e-05,1.762161291953658804e+01,9.471867400081516000e+15,2.361297179958160400e+09,5.219257770295567980e+02,9.471869761379236000e+15
2.984000000000219441e-05,1.751979919081067294e+01,9.445438639769796000e+15,2.353767262728814602e+09,5.200534292223507009e+02,9.445440993537596000e+15
2.985000000000219601e-05,1.741862053464441829e+01,9.419095829162608000e+15,2.346266927501677036e+09,5.181895869818316669e+02,9.419098175430072000e+15
2.986000000000219761e-05,1.731807270136096832e+01,9.392838649965630000e+15,2.338796038229579449e+09,5.163342048012041232e+02,9.392840988762202000e+15
2.987000000000219921e-05,1.721815147163065518e+01,9.366666785204714000e+15,2.331354459573701382e+09,5.144872374495125769e+02,9.366669116559706000e+15
2.988000000000220081e-05,1.711885265624036379e+01,9.340579919219638000e+15,2.323942056899502754e+09,5.126486399697943170e+02,9.340582243162224000e+15
2.989000000000220240e-05,1.702017209586621149e+01,9.314577737658454000e+15,2.316558696272646427e+09,5.108183676772467265e+02,9.314580054217678000e+15
2.990000000000220400e-05,1.692210566084633427e+01,9.288659927471364000e+15,2.309204244455003262e+09,5.089963761574011869e+02,9.288662236676132000e+15
2.991000000000220560e-05,1.682464925095624153e+01,9.262826176904592000e+15,2.301878568900610924e+09,5.071826212643081249e+02,9.262828478783684000e+15
2.992000000000220720e-05,1.672779879518594726e+01,9.237076175494660000e+15,2.294581537751694202e+09,5.053770591187437162e+02,9.237078470076720000e+15
2.993000000000220880e-05,1.663155025151868571e+01,9.211409614062312000e+15,2.287313019834738255e+09,5.035796461064327332e+02,9.211411901375852000e+15
2.994000000000221040e-05,1.653589960671160952e+01,9.185826184706594000e+15,2.280072884656494617e+09,5.017903388762640589e+02,9.185828464779996000e+15
2.995000000000221199e-05,1.644084287607847017e+01,9.160325580799412000e+15,2.272861002400162220e+09,5.000090943385436617e+02,9.160327853660930000e+15
2.996000000000221359e-05,1.634637610327266444e+01,9.134907496979166000e+15,2.265677243921413422e+09,4.982358696632426245e+02,9.134909762656924000e+15
2.997000000000221519e-05,1.625249536007525464e+01,9.109571629145364000e+15,2.258521480744594574e+09,4.964706222782712643e+02,9.109573887667356000e+15
2.998000000000221679e-05,1.615919674617982338e+01,9.084317674452752000e+15,2.251393585058887482e+09,4.947133098677549583e+02,9.084319925846848000e+15
2.999000000000221839e-05,1.606647638898342834e+01,9.059145331305350000e+15,2.244293429714450359e+09,4.929638903703229289e+02,9.059147575599288000e+15
3.000000000000221999e-05,1.597433044337739538e+01,9.034054299351220000e+15,2.237220888218680859e+09,4.912223219774156746e+02,9.034056536572616000e+15
3.001050000000221929e-05,1.587819277641847115e+01,9.007796321660302000e+15,2.229824527017825127e+09,4.894021555728783710e+02,9.007798551485336000e+15
3.002152500000221806e-05,1.577792213799650867e+01,8.980321653783047000e+15,2.222091040835012913e+09,4.875002733115022124e+02,8.980323875874592000e+15
3.003310125000221642e-05,1.567337548694917970e+01,8.951578888414608000e+15,2.214006734240600109e+09,4.855134782835345391e+02,8.951581102421844000e+15
3.004525631250221606e-05,1.556440833894237663e+01,8.921514948108653000e+15,2.205557523813536644e+09,4.834384959765159238e+02,8.921517153666676000e+15
3.005801912812721584e-05,1.545087516212539747e+01,8.890075084126659000e+15,2.196728944778884411e+09,4.812719773704202453e+02,8.890077280856100000e+15
3.007142008453346748e-05,1.533262982413282671e+01,8.857202882209473000e+15,2.187506160322753429e+09,4.790105028315255709e+02,8.857205069716127000e+15
3.008549108876003086e-05,1.520952609407194878e+01,8.822840276125840000e+15,2.177873973636584282e+09,4.766505867796774396e+02,8.822842454000306000e+15
3.010026564319792240e-05,1.508141820316261850e+01,8.786927569914496000e+15,2.167816842943544865e+09,4.741886831881444664e+02,8.786929737731828000e+15
3.011577892535770819e-05,1.494816146768477161e+01,8.749403469807368000e+15,2.157318899793113708e+09,4.716211919858046713e+02,8.749405627126755000e+15
3.013206787162548377e-05,1.480961297783690078e+01,8.710205126888141000e+15,2.146363970927290440e+09,4.689444664347707885e+02,8.710207273252596000e+15
3.014917126520664592e-05,1.466563235598481185e+01,8.669268191612387000e+15,2.134935604035317183e+09,4.661548215584787727e+02,8.669270326548472000e+15
3.016712982846686653e-05,1.451608258760555970e+01,8.626526881385888000e+15,2.123017097728244066e+09,4.632485436969968760e+02,8.626529004403464000e+15
3.018598631989009731e-05,1.436083092796794602e+01,8.581914062465344000e+15,2.110591536075570822e+09,4.602219012670677216e+02,8.581916173057354000e+15
3.020578563588448981e-05,1.419974988724738374e+01,8.535361347517665000e+15,2.097641828056586027e+09,4.570711568045425111e+02,8.535363445159964000e+15
3.022657491767860379e-05,1.403271829632355505e+01,8.486799210235337000e+15,2.084150752286384344e+09,4.537925803661099167e+02,8.486801294386557000e+15
3.024840366356242415e-05,1.385962245495314349e+01,8.436157118469655000e+15,2.070101007381193161e+09,4.503824643652218924e+02,8.436159188571126000e+15
3.027132384674043519e-05,1.368035736332166508e+01,8.383363687396044000e+15,2.055475268328506231e+09,4.468371399140157223e+02,8.383365742871773000e+15
3.029539003907734729e-05,1.349482803716363044e+01,8.328346854275452000e+15,2.040256249224566698e+09,4.431529947383804142e+02,8.328348894532157000e+15
3.032065954103110449e-05,1.330295090565206806e+01,8.271034076409652000e+15,2.024426772732758522e+09,4.393264927269733562e+02,8.271036100836877000e+15
3.034719251808255005e-05,1.310465529013986874e+01,8.211352553916821000e+15,2.007969846602998495e+09,4.353541951668671004e+02,8.211354561887116000e+15
3.037505214398656688e-05,1.289988496050345645e+01,8.149229478959829000e+15,1.990868747570649624e+09,4.312327837081401753e+02,8.149231469829021000e+15
3.040430475118578268e-05,1.268859976434976744e+01,8.084592313053221000e+15,1.973107112925006151e+09,4.269590850871513794e+02,8.084594286160774000e+15
3.043501998874496216e-05,1.247077732265381833e+01,8.017369094042521000e+15,1.954669039999668598e+09,4.225300976229995058e+02,8.017371048711996000e+15
3.046727098818209756e-05,1.224641478349232138e+01,7.947488774294467000e+15,1.935539193790097713e+09,4.179430194837002546e+02,7.947490709834091000e+15
3.050113453759109125e-05,1.201553062345069733e+01,7.874881591551224000e+15,1.915702922844972372e+09,4.131952786975916752e+02,7.874883507254572000e+15
3.053669126447053768e-05,1.177816648398153099e+01,7.799479473781970000e+15,1.895146383508163452e+09,4.082845648613553635e+02,7.799481368928774000e+15
3.057402582769395592e-05,1.153438902750384898e+01,7.721216479207766000e+15,1.873856672504835606e+09,4.032088624685029572e+02,7.721218353064854000e+15
3.061322711907854202e-05,1.128429179537299021e+01,7.640029272474166000e+15,1.851821967756572962e+09,3.979664857463943690e+02,7.640031124296543000e+15
3.065438847503235641e-05,1.102799704703194017e+01,7.555857637699063000e+15,1.829031677235765696e+09,3.925561148714068054e+02,7.555859466731144000e+15
3.069760789878386322e-05,1.076565755671671276e+01,7.468645028816740000e+15,1.805476595533698320e+09,3.869768333904356723e+02,7.468646834293734000e+15
3.074298829372294604e-05,1.049745834106851206e+01,7.378339157282498000e+15,1.781149067537610292e+09,3.812281665776439468e+02,7.378340938431957000e+15
3.079063770840898267e-05,1.022361828797085970e+01,7.284892616776844000e+15,1.756043158710712433e+09,3.753101205220866063e+02,7.284894372820388000e+15
3.084066959382932011e-05,9.944391653920696683e+00,7.188263544053976000e+15,1.730154831075487137e+09,3.692232216014860455e+02,7.188265274209186000e+15
3.089320307352067679e-05,9.660069394371742391e+00,7.088416314520872000e+15,1.703482123893539906e+09,3.629685559846710703e+02,7.088418018003369000e+15
3.094836322719660029e-05,9.370980288829350968e+00,6.985322270488659000e+15,1.676025337813753605e+09,3.565478087479624492e+02,6.985323946514363000e+15
3.100628138855631658e-05,9.077491820143086088e+00,6.878960479326760000e+15,1.647787221036943913e+09,3.499633021378444369e+02,6.878962127114340000e+15
3.106709545798401869e-05,8.780010765562280994e+00,6.769318517951585000e+15,1.618773155810766459e+09,3.432180324594665422e+02,6.769320136725093000e+15
3.113095023088310962e-05,8.478983455830974236e+00,6.656393279211894000e+15,1.588991343324845791e+09,3.363157050189584538e+02,6.656394868203581000e+15
3.119799774242715680e-05,8.174895658034095902e+00,6.540191794783753000e+15,1.558452984827155113e+09,3.292607664983986524e+02,6.540193353237075000e+15
3.126839762954840057e-05,7.868272038243623534e+00,6.420732068169137000e+15,1.527172456532511473e+09,3.220584340974184556e+02,6.420733595341924000e+15
3.134231751102571026e-05,7.559675161396630649e+00,6.298043910313924000e+15,1.495167475648728609e+09,3.147147207364168366e+02,6.298045405481723000e+15
3.141993338657688307e-05,7.249703988425181045e+00,6.172169769227728000e+15,1.462459254611601353e+09,3.072364555853222328e+02,6.172171231687297000e+15
3.150143005590561621e-05,6.938991834618883914e+00,6.043165543819864000e+15,1.429072640403510094e+09,2.996312991608220386e+02,6.043166972892811000e+15
3.158700155870078770e-05,6.628203758648557375e+00,5.911101370980432000e+15,1.395036235641422987e+09,2.919077522262954858e+02,5.911102766016967000e+15
3.167685163663571708e-05,6.318033358745562822e+00,5.776062373752837000e+15,1.360382497965817928e+09,2.840751577344900625e+02,5.776063734135625000e+15
3.177119421846739023e-05,6.009198961277889772e+00,5.638149357296723000e+15,1.325147814154880762e+09,2.761436950756888677e+02,5.638150682444819000e+15
3.187025392939064872e-05,5.702439197439130858e+00,5.497479438258172000e+15,1.289372545336374521e+09,2.681243659357656384e+02,5.497480727630991000e+15
3.197426662586007150e-05,5.398507975922577806e+00,5.354186592180200000e+15,1.253101039685013771e+09,2.600289711310681469e+02,5.354187845281505000e+15
3.208347995715296440e-05,5.098168873225159992e+00,5.208422102754720000e+15,1.216381609086462021e+09,2.518700778721620281e+02,5.208423319136586000e+15
3.219815395501050262e-05,4.802188978407632369e+00,5.060354896066850000e+15,1.179266466429774523e+09,2.436609770171364460e+02,5.060356075333565000e+15
3.231856165276091877e-05,4.511332245498100413e+00,4.910171742579548000e+15,1.141811620468397617e+09,2.354156300080830420e+02,4.910172884391408000e+15
3.244498973539885166e-05,4.226352423884535803e+00,4.758077309489406000e+15,1.104076725572983980e+09,2.271486053411504145e+02,4.758078413566363000e+15
3.257773922216868323e-05,3.947985654556740887e+00,4.604294046317070000e+15,1.066124884193041444e+09,2.188750046003748935e+02,4.604295112442177000e+15
3.271712618327700807e-05,3.676942837374450157e+00,4.449061887224494500e+15,1.028022400452012420e+09,2.106103782860384968e+02,4.449062915247109000e+15
3.286348249244074949e-05,3.413901891017477208e+00,4.292637754627139000e+15,9.898384840210272074e+08,2.023706318866879883e+02,4.292638744465829000e+15
3.301715661706267459e-05,3.159500042194908431e+00,4.135294850241894500e+15,9.516449042466601133e+08,1.941719228757715143e+02,4.135295801886995500e+15
3.317851444791569730e-05,2.914326293307697657e+00,3.977321721817551000e+15,9.135155954379118681e+08,1.860305495538786147e+02,3.977322635333335500e+15
3.334794017031137217e-05,2.678914227253195168e+00,3.819021096454142500e+15,8.755262152338731289e+08,1.779628328992222350e+02,3.819021971980538000e+15
3.352583717882682705e-05,2.453735313685698305e+00,3.660708474658925000e+15,8.377536590573762655e+08,1.699849928250007736e+02,3.660709312412756500e+15
3.371262903776805976e-05,2.239192882067790435e+00,3.502710483094854000e+15,8.002755347867758274e+08,1.621130204643705497e+02,3.502711283370553000e+15
3.390876048965635038e-05,2.035616922648766813e+00,3.345362988329758500e+15,7.631696029176900387e+08,1.543625483031320300e+02,3.345363751499518000e+15
3.411469851413905316e-05,1.843259866646030920e+00,3.189008978755491500e+15,7.265131886071890593e+08,1.467487201482560124e+02,3.189009705268828500e+15
3.433093343984589717e-05,1.662293481110853843e+00,3.033996227131323000e+15,6.903825730540575981e+08,1.392860630480390967e+02,3.033996917514037000e+15
3.455798011183807864e-05,1.492806992241071162e+00,2.880674751821486000e+15,6.548523726314389706e+08,1.319883633590566490e+02,2.880675406673992000e+15
3.479637911742986987e-05,1.334806523551274271e+00,2.729394100626003500e+15,6.199949150118061304e+08,1.248685491793969078e+02,2.729394720621045000e+15
3.504669807330125438e-05,1.188215902907278965e+00,2.580500486974240500e+15,5.858796221650375128e+08,1.179385813311660911e+02,2.580501072853981500e+15
3.530953297696620778e-05,1.052878855919287426e+00,2.434333814009449500e+15,5.525724105340019464e+08,1.112093549750691892e+02,2.434334366581972000e+15
3.558550962581440749e-05,9.285625637663713627e-01,2.291224627516979500e+15,5.201351188620655537e+08,1.046906137746748442e+02,2.291225147652204000e+15
3.587528510710501651e-05,8.149625227127479388e-01,2.151491043551279250e+15,4.886249740401641130e+08,9.839087829991453305e+01,2.151491532176352500e+15
3.617954936246015903e-05,7.117086020518925693e-01,2.015435700750460250e+15,4.580941049384119511e+08,9.231739007268785713e+01,2.015436158844658250e+15
3.649902683058305427e-05,6.183721588291171134e-01,1.883342790494142750e+15,4.285891134846292734e+08,8.647607231996060762e+01,1.883343219083343250e+15
3.683447817211209495e-05,5.344740332862499832e-01,1.755475220036804750e+15,4.001507112554524541e+08,8.087150812132634314e+01,1.755475620187597250e+15
3.718670208071759106e-05,4.594932203211283261e-01,1.632071964362087000e+15,3.728134285755502582e+08,7.550693623139126487e+01,1.632072337175591500e+15
3.755653718475335587e-05,3.928759909057563116e-01,1.513345661584370750e+15,3.466054016078544855e+08,7.038426443645144559e+01,1.513346008189843250e+15
3.794486404399091163e-05,3.340452246104519407e-01,1.399480504191633000e+15,3.215482412112739682e+08,6.550409988563781383e+01,1.399480825739940000e+15
3.835260724619034484e-05,2.824097109362866398e-01,1.290630474207860250e+15,2.976569854950642586e+08,6.086579543443651374e+01,1.290630771864906750e+15
3.878073760849974904e-05,2.373731833830386440e-01,1.186917964484627000e+15,2.749401360775501132e+08,5.646751066876236536e+01,1.186918239424819750e+15
3.923027448892462717e-05,1.983428658440924697e-01,1.088432820892599000e+15,2.533997761298321486e+08,5.230628595456762042e+01,1.088433074292427625e+15
3.970228821337074514e-05,1.647373352453295747e-01,9.952318313426761250e+14,2.330317664251289368e+08,4.837812759326965306e+01,9.952320643744910000e+14
4.019790262403917307e-05,1.359935360460048648e-01,9.073386775531010000e+14,2.138260138895405531e+08,4.467810196623528185e+01,9.073388913791596250e+14
4.071829775524102139e-05,1.115728195810862799e-01,8.247443546015805000e+14,1.957668056245553493e+08,4.120043642815966933e+01,8.247445503684275000e+14
4.126471264300296212e-05,9.096592221431382130e-02,7.474080519143611250e+14,1.788332000980032682e+08,3.793862466172428327e+01,7.474082307475993750e+14
4.183844827515300192e-05,7.369683868639909097e-02,6.752584778588673750e+14,1.629994662209128737e+08,3.488553423339935478e+01,6.752586408583686250e+14
4.244087068891053762e-05,5.932558865434198886e-02,6.081955989338592500e+14,1.482355603662738800e+08,3.203351418765519298e+01,6.081957471694516250e+14
4.307341422335595247e-05,4.744991314376358765e-02,5.460927541368517500e+14,1.345076310548570454e+08,2.937450067678738108e+01,5.460928886445122500e+14
4.373758493452364009e-05,3.770597166405424694e-02,4.887990958327725625e+14,1.217785410253023058e+08,2.690011883555688144e+01,4.887992176113405000e+14
4.443496418124970803e-05,2.976813865339110812e-02,4.361423007209166250e+14,1.100083967001836151e+08,2.460177936188759773e+01,4.361424107293379375e+14
4.516721239031208038e-05,2.334801878674582290e-02,3.879314886072292500e+14,9.915507562315559387e+07,2.247076854386973466e+01,3.879315877623273750e+14
4.593607300982757610e-05,1.819281406360366213e-02,3.439602828614640625e+14,8.917474323102070391e+07,2.049833076594784131e+01,3.439603720362278125e+14
4.674337666031884355e-05,1.408318156352757720e-02,3.040099448023740625e+14,8.002235128753077984e+07,1.867574282050354739e+01,3.040100248247440625e+14
4.759104549333467742e-05,1.083071984137518040e-02,2.678525148429773438e+14,7.165211139027267694e+07,1.699437963346857927e+01,2.678525864951057188e+14
4.848109776800130130e-05,8.275215025365510735e-03,2.352538959680181562e+14,6.401793811488268524e+07,1.544577127412282458e+01,2.352539599859717188e+14
4.941565265640125433e-05,6.281765942060689792e-03,2.059768198341447500e+14,5.707385753227368742e+07,1.402165135187836853e+01,2.059768769080163125e+14
5.039693528922120332e-05,4.737892336231827595e-03,1.797836422223062500e+14,5.077437798124317825e+07,1.271399710102557101e+01,1.797836929966969375e+14
5.139693528922120052e-05,3.580143204451107560e-03,1.570628377184085000e+14,4.522788256114755571e+07,1.154734472271096557e+01,1.570628829463026250e+14
5.239693528922119772e-05,2.724081089982984330e-03,1.376719440458046875e+14,4.042041941902582347e+07,1.052202296449512176e+01,1.376719844662346250e+14
5.339693528922119493e-05,2.086496506166100103e-03,1.210612707695218906e+14,3.623682604274018109e+07,9.616967160742916576e+00,1.210613070063575469e+14
5.439693528922119213e-05,1.608326713752346272e-03,1.067813483864197500e+14,3.258235023837345839e+07,8.814800223367432963e+00,1.067813809687787969e+14
5.539693528922118933e-05,1.247319524829681005e-03,9.446303219666968750e+13,2.937862716169444472e+07,8.101103346890123902e+00,9.446306157530493750e+13
5.639693528922118653e-05,9.730209881972790020e-04,8.380186053693990625e+13,2.656051702358862013e+07,7.463842178452009257e+00,8.380188709746440625e+13
5.739693528922118373e-05,7.633221337034850045e-04,7.454569589440931250e+13,2.407361172731258348e+07,6.892916051086251272e+00,7.454571996802793750e+13
5.839693528922118093e-05,6.020606861984243276e-04,6.648491268139306250e+13,2.187225835205241665e+07,6.379802149620815932e+00,6.648493455365779688e+13
5.939693528922117814e-05,4.773425645267930536e-04,5.944457063957625781e+13,1.991798340760829300e+07,5.917272873238583308e+00,5.944459055756557812e+13
6.039693528922117534e-05,3.803583921841125165e-04,5.327814405218461719e+13,1.817822955666377395e+07,5.499169907684267500e+00,5.327816223041967188e+13
6.139693528922117254e-05,3.045430516170003887e-04,4.786247576549970312e+13,1.662533737754205242e+07,5.120222504147181830e+00,4.786249239084219531e+13
6.239693528922116974e-05,2.449747260617874236e-04,4.309369985171758594e+13,1.523572039905534498e+07,4.775900439662732033e+00,4.309371508744275781e+13
6.339693528922116694e-05,1.979423253290761207e-04,3.888393370537789844e+13,1.398919342775729857e+07,4.462294358924206783e+00,3.888394769457578906e+13
6.439693528922116415e-05,1.606321162136414285e-04,3.515858393986387500e+13,1.286842311062956601e+07,4.176017866982581594e+00,3.515859680829116016e+13
6.539693528922116135e-05,1.308993015012419904e-04,3.185414394804089453e+13,1.185847646964970790e+07,3.914127002379978570e+00,3.185415580652127734e+13
6.639693528922115855e-05,1.071005233517666828e-04,2.891638686232375000e+13,1.094644834728041291e+07,3.674053677174979882e+00,2.891639780877577344e+13
6.739693528922115575e-05,8.797033134751146711e-05,2.629887772256700391e+13,1.012115270959564671e+07,3.453550401656449775e+00,2.629888784372316797e+13
6.839693528922115295e-05,7.252956626512334327e-05,2.396174430226335938e+13,9.372865858145337552e+06,3.250644173941392712e+00,2.396175367513246875e+13
6.939693528922115016e-05,6.001704667637578210e-05,2.187065828524262109e+13,8.693112019515683874e+06,3.063597849783013860e+00,2.187066697835770312e+13
7.039693528922114736e-05,4.983836493292667760e-05,1.999598810502396484e+13,8.074483674548238516e+06,2.890877646559721015e+00,1.999599617951053125e+13
7.139693528922114456e-05,4.152731318016023536e-05,1.831209234875298828e+13,7.510490478653434664e+06,2.731125700455718786e+00,1.831209985924619922e+13
7.239693528922114176e-05,3.471668163822748138e-05,1.679672863922858789e+13,6.995431802374520339e+06,2.583136804424428057e+00,1.679673563466297461e+13
7.339693528922113896e-05,2.911604700245638773e-05,1.543055768752653711e+13,6.524288856778931804e+06,2.445838619521907731e+00,1.543056421181783984e+13
7.439693528922113617e-05,2.449479994461993017e-05,1.419672602233173438e+13,6.092633114701012149e+06,2.318274783397445749e+00,1.419673211496716797e+13
7.539693528922113337e-05,2.066911806346941635e-05,1.308051395540619336e+13,5.696548336889885366e+06,2.199590444539050171e+00,1.308051965195672852e+13
7.639693528922113057e-05,1.749192381996524093e-05,1.206903779627038672e+13,5.332563993383053690e+06,2.089019835015647697e+00,1.206904312883647070e+13
7.739693528922112777e-05,1.484511094985052291e-05,1.115099730701897461e+13,4.997598259140975773e+06,1.985875562297003682e+00,1.115100230461922070e+13
7.839693528922112497e-05,1.263350235402424982e-05,1.031646098797828516e+13,4.688909078219390474e+06,1.889539355674111354e+00,1.031646567688925195e+13
7.939693528922112217e-05,1.078013518557140289e-05,9.556683082884888672e+12,4.404052047331596725e+06,1.799454047482544672e+00,9.556687486938734375e+12
8.039693528922111938e-05,9.222567434455933099e-06,8.863947248518136719e+12,4.140844079199986067e+06,1.715116605806721095e+00,8.863951389363931641e+12
8.139693528922111658e-05,7.909973869087884375e-06,8.231432695971322266e+12,3.897331977861015592e+06,1.636072065243720841e+00,8.231436593304935547e+12
8.239693528922111378e-05,6.800854321751938436e-06,7.653099316601102539e+12,3.671765199331794865e+06,1.561908226903566232e+00,7.653102988367863281e+12
8.339693528922111098e-05,5.861218797057384994e-06,7.123588885121373047e+12,3.462572187551264651e+06,1.492251019131052736e+00,7.123592347695052734e+12
8.439693528922110818e-05,5.063145242106156380e-06,6.638139909334436523e+12,3.268339771930643357e+06,1.426760427261793307e+00,6.638143177675634766e+12
8.539693528922110539e-05,4.383629614421375924e-06,6.192514089705279297e+12,3.087795192866057623e+06,1.365126914712531780e+00,6.192517177501836914e+12
8.639693528922110259e-05,3.803666013790776363e-06,5.782932677834316406e+12,2.919790388179723639e+06,1.307068269372653191e+00,5.782935597626010742e+12
8.739693528922109979e-05,3.307508509700381838e-06,5.406021293199156250e+12,2.763288229049821384e+06,1.252326819022236304e+00,5.406024056488637695e+12
8.839693528922109699e-05,2.882076939874509211e-06,5.058761982387704102e+12,2.617350440525502432e+06,1.200666967691806697e+00,5.058764599739344727e+12
8.939693528922109419e-05,2.516477155931886374e-06,4.738451492507061523e+12,2.481126980775471311e+06,1.151873011770827349e+00,4.738453973635194336e+12
9.039693528922109140e-05,2.201612532671937213e-06,4.442664887107517578e+12,2.353846686069929041e+06,1.105747200487916082e+00,4.442667240955309570e+12
9.139693528922108860e-05,1.929868476908722714e-06,4.169223764191268066e+12,2.234809016205776948e+06,1.062108010307589945e+00,4.169225999001346191e+12
9.239693528922108580e-05,1.694855501476397703e-06,3.916168446033896484e+12,2.123376758509206120e+06,1.020788606964462941e+00,3.916170569411675781e+12
9.339693528922108300e-05,1.491199421271532852e-06,3.681733603245453125e+12,2.018969568403469864e+06,9.816354724082378969e-01,3.681735622216002930e+12
9.439693528922108020e-05,1.314369572038883490e-06,3.464326853628504883e+12,1.921058241382505279e+06,9.445071769611054213e-01,3.464328774687690430e+12
9.539693528922107740e-05,1.160537794984980342e-06,3.262509942445373535e+12,1.829159625589533709e+06,9.092732795796871770e-01,3.262511771605908203e+12
9.639693528922107461e-05,1.026462382892217661e-06,3.074982166589626465e+12,1.742832096433448140e+06,8.758133413308620829e-01,3.074983909422598633e+12
9.739693528922107181e-05,9.093923321553844433e-07,2.900565752597455566e+12,1.661671525143401232e+06,8.440160390963472592e-01,2.900567414269824707e+12
9.839693528922106901e-05,8.069881562524177073e-07,2.738192938741358398e+12,1.585307682122233789e+06,8.137783681601252761e-01,2.738194524049854492e+12
9.939693528922106621e-05,7.172562408416491770e-07,2.586894545777545410e+12,1.513401023650221061e+06,7.850049237463824214e-01,2.586896059179354004e+12
1.000000000000000048e-04,6.683931837972336275e-07,2.500362130199417480e+12,1.471917723682560958e+06,7.682582206983433748e-01,2.500363602117909180e+12
